Experiment conducted on: 2019-03-04 01:35:04
Experiment Results: 
0,0.7660813
0.2,0.5763389
0.51,0.4864049
0.88,0.5589942
1.23,0.3205311
1.77,0.07900404
2.12,0.4759806
2.59,1.001736
3.02,1.123924
3.39,1.273071
3.76,1.17633
4.11,1.041767
4.39,1.16647
4.65,0.9592229
4.92,0.09609297
5.19,1.588867
5.51,1.670116
5.83,0.9958926
6.15,0.3171102
6.48,0.6515552
6.8,0.8573133
7.11,0.6185705
7.54,0.8200743
7.97,1.051378
8.28,0.8291773
8.55,0.2625833
8.82,0.6521034
9.06,1.29608
9.26,0.6467459
9.45,0.3658359
9.63,0.6740102
9.81,0.2219042
9.97,0.6641069
10.1,1.502449
10.21,1.326241
10.33,0.8897408
10.47,0.4991179
10.62,0.5811338
10.81,0.588532
11.22,0.5054119
11.53,1.040744
11.77,1.085187
11.96,0.9469196
12.14,0.6267259
12.36,1.104224
12.64,1.538062
12.94,1.500675
13.22,1.133952
13.48,1.019914
13.73,0.1157869
13.96,0.3021045
14.25,0.5481375
14.75,0.5735894
15.15,1.966698
15.53,0.6557823
16.01,0.5041463
16.39,1.312241
16.68,0.7059452
17.04,0.5162975
17.42,0.8611487
17.79,0.8216464
18.09,0.3997445
18.47,0.4889169
18.91,0.1333452
19.29,0.4331932
19.62,0.9030704
19.96,0.9390276
20.34,0.1461196
20.73,0.9487596
21.14,1.582023
21.41,1.234567
21.66,0.9170133
22,0.5275437
22.49,0.7938644
22.73,0.8532456
22.89,1.274693
23.01,0.9376539
23.15,0.8649313
23.36,1.191985
23.75,1.162547
24.45,1.254452
25.35,0.4562728
25.81,0.8343124
26.27,0.3778288
26.75,0.9018189
27.47,0.787701
27.82,1.385078
28.07,0.8060873
28.29,0.7165784
28.54,0.8765376
28.83,1.221651
29.26,1.531909
29.7,0.7008324
29.99,0.7524605
30.28,0.6507733
30.67,0.5338997
31.26,1.68507
31.63,1.781696
31.88,0.5611768
32.07,0.4987618
32.24,0.6355444
32.43,1.34001
32.64,0.738148
32.9,0.4372235
33.28,0.9563171
33.74,1.047968
34.17,0.4281646
34.58,1.450091
35.04,2.362975
35.34,1.744141
35.61,0.5223671
35.9,0.7530609
36.29,1.872124
36.79,0.03087804
37.17,0.05394071
37.5,0.8201283
37.93,0.557409
38.46,0.28337
38.83,1.042776
39.19,0.6838179
39.49,0.5762971
39.77,0.5262442
40.06,0.1677714
40.35,0.2871236
40.66,0.7455702
41.19,0.7425256
41.61,0.5764364
41.94,1.085485
42.2,0.9786493
42.43,0.6093669
42.67,0.06003427
42.98,0.8209042
43.5,1.328968
43.97,0.5795209
44.27,0.2978732
44.52,0.4400195
44.77,0.2486676
45.06,0.8054196
45.28,0.1803287
45.47,0.4003537
45.69,0.201976
45.96,0.2484694
46.38,1.756818
46.8,1.481803
47.11,0.8706954
47.36,1.075509
47.6,0.6168101
47.87,0.4670868
48.12,0.7899013
48.38,1.452059
48.72,0.5816213
49.18,1.819624
49.76,1.229227
50.4,0.6312162
50.82,0.7308655
51.3,1.029952
51.64,0.4285316
52.15,0.1407353
52.79,0.5944512
53.24,1.121647
53.64,1.560721
53.98,0.4098116
54.31,0.2979728
54.72,0.6080608
55.37,1.526088
56.07,1.25326
56.6,0.3564051
56.94,0.06089528
57.23,1.147204
57.66,0.7142991
58.2,1.127413
58.54,0.9512182
59.02,1.475163
59.52,0.9891792
60.05,1.00474
60.71,0.8586427
61.2,0.5547743
61.62,0.4432331
62,0.3216611
62.36,0.7836518
62.7,0.6816303
62.97,0.4872912
63.22,0.9714962
63.49,0.5552824
63.86,0.4986292
64.42,0.4423988
64.86,0.5445167
65.26,1.233612
65.85,0.172781
66.24,1.443642
66.74,1.025859
67.31,0.4901118
67.83,0.2853442
68.48,0.4698084
69,1.091588
69.67,0.7615991
70.09,0.8658285
70.45,0.5785655
70.79,1.084048

Total collisions made with walls: 0.
0,2.625653
0.17,0.1798691
0.55,0.3514631
1,0.483028
1.61,0.08361875
2.28,0.9587271
3.05,1.479596
3.65,1.644154
4.19,1.514911
4.61,1.038223
5.05,0.8602049
5.32,1.757265
5.6,1.556283
5.91,0.8952227
6.23,0.9950414
6.58,1.15635
6.91,1.015225
7.3,1.176309
7.83,1.470986
8.21,1.345498
8.54,0.8079345
8.87,0.09839788
9.28,1.066001
9.61,1.490855
9.88,0.468957
10.09,0.4902423
10.26,1.075518
10.42,1.143557
10.6,0.9528285
10.82,1.4743
11.35,0.379953
11.76,1.645528
12.02,0.8772061
12.28,1.501704
12.64,1.804958
12.98,1.512065
13.3,1.369558
13.58,0.03420575
13.84,0.3172187
14.1,0.8970687
14.54,0.8619933
15.02,1.560902
15.31,2.00124
15.64,0.8132876
16.13,1.261699
16.45,0.5735446
16.75,0.9599651
17.18,0.1978213
17.8,0.9364086
18.25,1.202898
18.83,0.5756027
19.34,1.056381
19.8,0.9516505
20.32,0.2417677
20.88,1.782907
21.35,1.685893
21.7,1.641843
22.23,0.995546
22.68,0.4136493
22.89,0.8773965
23.05,1.625364
23.23,1.599144
23.54,1.820961
24.2,1.244383
25.14,1.964863
25.7,0.1562151
26.23,2.116184
26.91,0.8915095
27.63,1.591194
27.99,1.008062
28.28,0.2959762
28.59,0.8946797
28.98,1.345129
29.56,1.208636
29.97,2.299207
30.3,2.486433
30.68,1.463803
31.24,1.254432
31.62,0.4786464
31.88,0.2868291
32.09,0.5492737
32.27,0.6049197
32.46,0.5445417
32.69,0.3749583
32.97,0.7298368
33.4,1.231016
33.88,0.7114595
34.32,0.6110197
34.79,1.745332
35.39,2.395985
35.85,1.177354
36.39,1.586933
37.01,1.061242
37.5,1.334267
38.17,1.355164
38.69,0.852295
39.17,0.9623154
39.56,1.20309
39.9,0.7754187
40.25,0.6781332
40.64,1.78016
41.31,2.212673
41.77,1.88216
42.12,0.5413318
42.4,0.8310827
42.67,1.520951
43.02,1.272076
43.58,1.793954
44.05,1.499514
44.33,0.6040861
44.58,0.6796436
44.86,1.408822
45.1,1.830656
45.24,1.0362
45.39,0.3661894
45.57,0.423524
45.79,1.179346
46.11,1.622682
46.59,1.580971
47.05,0.9526659
47.35,0.7923657
47.62,0.5951843
47.91,0.8738123
48.24,0.2400458
48.59,0.5056224
49.03,1.315364
49.58,2.314324
50.24,1.183554
50.85,1.130824
51.42,1.354197
51.85,0.7429949
52.53,1.529157
53.24,1.394027
53.8,1.45785
54.21,0.1154194
54.63,0.3346867
55.25,0.7203095
55.98,2.842454
56.57,0.3143571
56.94,1.418104
57.24,1.969193
57.61,2.301894
58.13,1.840562
58.49,0.8174477
58.91,1.573589
59.48,0.576045
59.96,0.2327073
60.67,0.6573533
61.17,1.371605
61.61,0.3113036
61.99,0.2985085
62.35,1.526962
62.69,1.348868
62.96,0.5694633
63.18,0.3735657
63.44,0.8811103
63.77,0.6078091
64.28,0.1783472
64.76,1.32469
65.13,1.123032
65.71,0.2357049
66.13,1.431079
66.65,0.341325
67.28,0.8978798
67.82,1.122812
68.47,1.706603
69.05,1.199465
69.85,1.439724
70.29,1.353129
70.79,1.864676

Total collisions made with walls: 0.
