521447.814197
521447.822597
521447.830997
521447.839397
521447.847797
521447.856197
521447.864597
521447.872997
521447.881397
521447.889797
521447.898197
521447.906597
521447.914997
521447.923397
521447.931797
521447.940197
521447.948597
521447.956997
521447.965397
521447.973797
521447.982197
521447.990597
521447.998997
521448.007397
521448.015797
521448.024197
521448.032597
521448.040997
521448.049397
521448.057797
521448.066197
521448.074597
521448.082997
521448.091397
521448.099797
521448.108197
521448.116597
521448.124997
521448.133397
521448.141797
521448.150197
521448.158597
521448.166997
521448.175397
521448.183797
521448.192197
521448.200597
521448.208997
521448.217397
521448.225797
521448.234197
521448.242597
521448.250997
521448.259397
521448.267797
521448.276197
521448.284597
521448.292997
521448.301397
521448.309797
521448.318197
521448.326597
521448.334997
521448.343397
521448.351797
521448.360197
521448.368597
521448.376997
521448.385397
521448.393797
521448.402197
521448.410597
521448.418997
521448.427397
521448.435797
521448.444197
521448.452597
521448.460997
521448.469397
521448.477797
521448.486197
521448.494597
521448.502997
521448.511397
521448.519797
521448.528197
521448.536597
521448.544997
521448.553397
521448.561797
521448.570197
521448.578597
521448.586997
521448.595397
521448.603797
521448.612197
521448.620597
521448.628997
521448.637397
521448.645797
521448.654197
521448.662597
521448.670997
521448.679397
521448.687797
521448.696197
521448.704597
521448.712997
521448.721397
521448.729797
521448.738197
521448.746597
521448.754997
521448.763397
521448.771797
521448.780197
521448.788597
521448.796997
521448.805397
521448.813797
521448.822197
521448.830597
521448.838997
521448.847397
521448.855797
521448.864197
521448.872597
521448.880997
521448.889397
521448.897797
521448.906197
521448.914597
521448.922997
521448.931397
521448.939797
521448.948197
521448.956597
521448.964997
521448.973397
521448.981797
521448.990197
521448.998597
521449.006997
521449.015397
521449.023797
521449.032197
521449.040597
521449.048997
521449.057397
521449.065797
521449.074197
521449.082597
521449.090997
521449.099397
521449.107797
521449.116197
521449.124597
521449.132997
521449.141397
521449.149797
521449.158197
521449.166597
521449.174997
521449.183397
521449.191797
521449.200197
521449.208597
521449.216997
521449.225397
521449.233797
521449.242197
521449.250597
521449.258997
521449.267397
521449.275797
521449.284197
521449.292597
521449.300997
521449.309397
521449.317797
521449.326197
521449.334597
521449.342997
521449.351397
521449.359797
521449.368197
521449.376597
521449.384997
521449.393397
521449.401797
521449.410197
521449.418597
521449.426997
521449.435397
521449.443797
521449.452197
521449.460597
521449.468997
521449.477397
521449.485797
521449.494197
521449.502597
521449.510997
521449.519397
521449.527797
521449.536197
521449.544597
521449.552997
521449.561397
521449.569797
521449.578197
521449.586597
521449.594997
521449.603397
521449.611797
521449.620197
521449.628597
521449.636997
521449.645397
521449.653797
521449.662197
521449.670597
521449.678997
521449.687397
521449.695797
521449.704197
521449.712597
521449.720997
521449.729397
521449.737797
521449.746197
521449.762997
521449.771397
521449.779797
521449.796597
521449.804997
521449.813397
521449.821797
521449.830197
521449.838597
521449.846997
521449.855397
521449.863797
521449.872197
521449.880597
521449.888997
521449.897397
521449.905797
521449.914197
521449.922597
521449.930997
521449.939397
521449.947797
521449.956197
521449.964597
521449.972997
521449.981397
521449.989797
521449.998197
521450.006597
521450.014997
521450.023397
521450.031797
521450.040197
521450.048597
521450.056997
521450.065397
521450.073797
521450.090597
521450.098997
521450.107397
521450.115797
521450.124197
521450.132597
521450.140997
521450.149397
521450.157797
521450.166197
521450.174597
521450.182997
521450.191397
521450.199797
521450.208197
521450.216597
521450.224997
521450.233397
521450.241797
521450.250197
521450.258597
521450.266997
521450.275397
521450.283797
521450.292197
521450.300597
521450.308997
521450.317397
521450.325797
521450.334197
521450.342597
521450.359397
521450.367797
521450.376197
521450.384597
521450.392997
521450.401397
521450.409797
521450.426597
521450.451797
521450.468597
521450.485397
521450.493797
521450.502197
521450.510597
521450.527397
521450.535797
521450.544197
521450.552597
521450.560997
521450.569397
521450.577797
521450.586197
521450.594597
521450.602997
521450.611397
521450.619797
521450.628197
521450.636597
521450.644997
521450.653397
521450.661797
521450.670197
521450.678597
521450.686997
521450.695397
521450.703797
521450.712197
521450.720597
521450.728997
521450.737397
521450.745797
521450.754197
521450.762597
521450.770997
521450.779397
521450.787797
521450.796197
521450.804597
521450.812997
521450.821397
521450.829797
521450.838197
521450.846597
521450.854997
521450.863397
521450.871797
521450.880197
521450.888597
521450.896997
521450.905397
521450.913797
521450.922197
521450.930597
521450.938997
521450.947397
521450.955797
521450.964197
521450.972597
521450.980997
521450.989397
521450.997797
521451.006197
521451.014597
521451.022997
521451.031397
521451.039797
521451.048197
521451.056597
521451.064997
521451.073397
521451.081797
521451.090197
521451.098597
521451.106997
521451.115397
521451.123797
521451.132197
521451.140597
521451.148997
521451.157397
521451.165797
521451.174197
521451.182597
521451.190997
521451.199397
521451.207797
521451.216197
521451.224597
521451.232997
521451.241397
521451.249797
521451.258197
521451.266597
521451.274997
521451.283397
521451.291797
521451.300197
521451.308597
521451.316997
521451.325397
521451.333797
521451.342197
521451.350597
521451.358997
521451.367397
521451.375797
521451.384197
521451.392597
521451.400997
521451.409397
521451.417797
521451.426197
521451.434597
521451.442997
521451.451397
521451.459797
521451.468197
521451.476597
521451.484997
521451.493397
521451.501797
521451.510197
521451.518597
521451.526997
521451.535397
521451.543797
521451.552197
521451.560597
521451.577397
521451.585797
521451.594197
521451.602597
521451.627797
521451.636197
521451.644597
521451.652997
521451.661397
521451.669797
521451.678197
521451.686597
521451.694997
521451.703397
521451.711797
521451.720197
521451.728597
521451.736997
521451.745397
521451.753797
521451.770597
521451.778997
521451.787397
521451.795797
521451.812597
521451.820997
521451.829397
521451.837797
521451.846197
521451.854597
521451.862997
521451.879797
521451.888197
521451.896597
521451.904997
521451.921797
521451.930197
521451.938597
521451.946997
521451.963797
521451.980597
521451.988997
521451.997397
521452.014197
521452.022597
521452.030997
521452.039397
521452.047797
521452.056197
521452.064597
521452.072997
521452.081397
521452.089797
521452.098197
521452.106597
521452.114997
521452.123397
521452.131797
521452.140197
521452.148597
521452.156997
521452.165397
521452.173797
521452.182197
521452.190597
521452.198997
521452.207397
521452.215797
521452.224197
521452.232597
521452.240997
521452.249397
521452.257797
521452.266197
521452.274597
521452.282997
521452.291397
521452.299797
521452.308197
521452.316597
521452.324997
521452.333397
521452.341797
521452.350197
521452.358597
521452.366997
521452.375397
521452.383797
521452.392197
521452.400597
521452.408997
521452.417397
521452.425797
521452.442597
521452.450997
521452.484597
521452.509797
521452.518197
521452.526597
521452.534997
521452.543397
521452.551797
521452.560197
521452.568597
521452.576997
521452.585397
521452.593797
521452.602197
521452.610597
521452.618997
521452.627397
521452.644197
521452.652597
521452.660997
521452.669397
521452.677797
521452.686197
521452.694597
521452.719797
521452.728197
521452.736597
521452.753397
521452.761797
521452.770197
521452.778597
521452.786997
521452.795397
521452.803797
521452.812197
521452.820597
521452.828997
521452.837397
521452.845797
521452.854197
521452.862597
521452.870997
521452.879397
521452.887797
521452.896197
521452.904597
521452.912997
521452.921397
521452.929797
521452.938197
521452.946597
521452.954997
521452.963397
521452.971797
521452.980197
521452.988597
521452.996997
521453.013797
521453.022197
521453.030597
521453.038997
521453.047397
521453.055797
521453.064197
521453.080997
521453.089397
521453.097797
521453.106197
521453.114597
521453.122997
521453.131397
521453.139797
521453.148197
521453.156597
521453.164997
521453.181797
521453.190197
521453.198597
521453.206997
521453.215397
521453.223797
521453.232197
521453.240597
521453.257397
521453.265797
521453.290997
521453.307797
521453.324597
521453.332997
521453.341397
521453.349797
521453.358197
521453.366597
521453.374997
521453.383397
521453.391797
521453.400197
521453.408597
521453.416997
521453.433797
521453.442197
521453.450597
521453.458997
521453.475797
521453.500997
521453.509397
521453.517797
521453.526197
521453.542997
521453.551397
521453.559797
521453.568197
521453.576597
521453.584997
521453.593397
521453.601797
521453.610197
521453.618597
521453.626997
521453.635397
521453.643797
521453.652197
521453.660597
521453.668997
521453.677397
521453.685797
521453.694197
521453.702597
521453.710997
521453.719397
521453.727797
521453.736197
521453.744597
521453.761397
521453.769797
521453.778197
521453.786597
521453.794997
521453.803397
521453.811797
521453.820197
521453.828597
521453.836997
521453.845397
521453.853797
521453.862197
521453.878997
521453.887397
521453.895797
521453.904197
521453.912597
521453.920997
521453.929397
521453.937797
521453.946197
521453.954597
521453.979797
521453.988197
521454.013397
521454.021797
521454.030197
521454.046997
521454.055397
521454.063797
521454.072197
521454.080597
521454.088997
521454.097397
521454.105797
521454.114197
521454.122597
521454.130997
521454.139397
521454.147797
521454.156197
521454.164597
521454.172997
521454.181397
521454.189797
521454.198197
521454.206597
521454.214997
521454.223397
521454.231797
521454.240197
521454.248597
521454.256997
521454.265397
521454.273797
521454.282197
521454.290597
521454.298997
521454.307397
521454.315797
521454.324197
521454.332597
521454.340997
521454.349397
521454.357797
521454.366197
521454.374597
521454.382997
521454.391397
521454.399797
521454.408197
521454.416597
521454.424997
521454.433397
521454.441797
521454.450197
521454.458597
521454.466997
521454.475397
521454.483797
521454.492197
521454.500597
521454.508997
521454.517397
521454.525797
521454.534197
521454.542597
521454.550997
521454.559397
521454.567797
521454.576197
521454.584597
521454.592997
521454.601397
521454.609797
521454.618197
521454.626597
521454.634997
521454.643397
521454.651797
521454.660197
521454.668597
521454.676997
521454.685397
521454.693797
521454.702197
521454.710597
521454.718997
521454.727397
521454.735797
521454.744197
521454.752597
521454.760997
521454.769397
521454.777797
521454.786197
521454.794597
521454.802997
521454.811397
521454.819797
521454.828197
521454.836597
521454.844997
521454.853397
521454.861797
521454.870197
521454.878597
521454.886997
521454.895397
521454.903797
521454.912197
521454.920597
521454.928997
521454.937397
521454.945797
521454.954197
521454.962597
521454.970997
521454.979397
521454.987797
521454.996197
521455.004597
521455.012997
521455.021397
521455.029797
521455.038197
521455.046597
521455.054997
521455.063397
521455.071797
521455.080197
521455.088597
521455.096997
521455.105397
521455.113797
521455.122197
521455.130597
521455.138997
521455.147397
521455.155797
521455.164197
521455.172597
521455.180997
521455.189397
521455.197797
521455.206197
521455.214597
521455.222997
521455.231397
521455.239797
521455.248197
521455.256597
521455.264997
521455.273397
521455.281797
521455.290197
521455.298597
521455.306997
521455.315397
521455.323797
521455.332197
521455.340597
521455.348997
521455.357397
521455.365797
521455.374197
521455.382597
521455.390997
521455.399397
521455.407797
521455.416197
521455.424597
521455.432997
521455.441397
521455.449797
521455.458197
521455.466597
521455.474997
521455.483397
521455.491797
521455.500197
521455.508597
521455.516997
521455.525397
521455.533797
521455.542197
521455.550597
521455.558997
521455.567397
521455.575797
521455.584197
521455.592597
521455.600997
521455.609397
521455.617797
521455.626197
521455.634597
521455.642997
521455.651397
521455.659797
521455.668197
521455.676597
521455.684997
521455.693397
521455.701797
521455.710197
521455.718597
521455.726997
521455.735397
521455.743797
521455.752197
521455.760597
521455.768997
521455.777397
521455.785797
521455.794197
521455.802597
521455.810997
521455.819397
521455.827797
521455.836197
521455.844597
521455.852997
521455.861397
521455.869797
521455.878197
521455.886597
521455.894997
521455.903397
521455.911797
521455.920197
521455.928597
521455.936997
521455.945397
521455.953797
521455.962197
521455.970597
521455.978997
521455.987397
521455.995797
521456.004197
521456.012597
521456.020997
521456.029397
521456.037797
521456.046197
521456.054597
521456.062997
521456.071397
521456.079797
521456.088197
521456.096597
521456.104997
521456.113397
521456.121797
521456.130197
521456.138597
521456.146997
521456.155397
521456.163797
521456.172197
521456.180597
521456.188997
521456.197397
521456.205797
521456.214197
521456.222597
521456.230997
521456.239397
521456.247797
521456.256197
521456.264597
521456.272997
521456.281397
521456.289797
521456.298197
521456.306597
521456.314997
521456.323397
521456.331797
521456.340197
521456.348597
521456.356997
521456.365397
521456.373797
521456.382197
521456.390597
521456.398997
521456.407397
521456.415797
521456.424197
521456.432597
521456.440997
521456.449397
521456.457797
521456.466197
521456.474597
521456.482997
521456.491397
521456.499797
521456.508197
521456.516597
521456.524997
521456.533397
521456.541797
521456.550197
521456.558597
521456.566997
521456.575397
521456.592197
521456.600597
521456.608997
521456.617397
521456.625797
521456.634197
521456.642597
521456.650997
521456.659397
521456.667797
521456.676197
521456.684597
521456.692997
521456.701397
521456.709797
521456.768597
521456.776997
521456.793797
521456.802197
521456.810597
521456.818997
521456.827397
521456.835797
521456.844197
521456.852597
521456.860997
521456.869397
521456.877797
521456.886197
521456.894597
521456.902997
521456.911397
521456.919797
521456.928197
521456.936597
521456.944997
521456.953397
521456.961797
521456.970197
521456.978597
521456.986997
521456.995397
521457.003797
521457.012197
521457.020597
521457.028997
521457.037397
521457.045797
521457.054197
521457.062597
521457.070997
521457.079397
521457.087797
521457.096197
521457.104597
521457.112997
521457.121397
521457.129797
521457.138197
521457.146597
521457.154997
521457.163397
521457.171797
521457.180197
521457.188597
521457.196997
521457.205397
521457.213797
521457.222197
521457.230597
521457.238997
521457.247397
521457.255797
521457.264197
521457.272597
521457.280997
521457.289397
521457.297797
521457.306197
521457.314597
521457.322997
521457.331397
521457.339797
521457.348197
521457.356597
521457.364997
521457.373397
521457.381797
521457.390197
521457.398597
521457.406997
521457.415397
521457.432197
521457.440597
521457.448997
521457.457397
521457.465797
521457.474197
521457.482597
521457.490997
521457.499397
521457.507797
521457.516197
521457.524597
521457.532997
521457.541397
521457.549797
521457.558197
521457.566597
521457.574997
521457.583397
521457.591797
521457.600197
521457.608597
521457.616997
521457.625397
521457.633797
521457.642197
521457.650597
521457.658997
521457.667397
521457.675797
521457.684197
521457.692597
521457.700997
521457.709397
521457.717797
521457.726197
521457.734597
521457.742997
521457.751397
521457.759797
521457.768197
521457.776597
521457.784997
521457.793397
521457.801797
521457.810197
521457.818597
521457.826997
521457.835397
521457.843797
521457.852197
521457.860597
521457.868997
521457.877397
521457.885797
521457.894197
521457.902597
521457.910997
521457.919397
521457.927797
521457.936197
521457.944597
521457.952997
521457.961397
521457.969797
521457.978197
521457.986597
521457.994997
521458.003397
521458.011797
521458.020197
521458.028597
521458.036997
521458.045397
521458.053797
521458.062197
521458.070597
521458.078997
521458.087397
521458.095797
521458.104197
521458.112597
521458.120997
521458.129397
521458.137797
521458.146197
521458.154597
521458.162997
521458.171397
521458.179797
521458.188197
521458.196597
521458.204997
521458.213397
521458.221797
521458.230197
521458.238597
521458.246997
521458.255397
521458.263797
521458.272197
521458.280597
521458.288997
521458.297397
521458.305797
521458.314197
521458.322597
521458.330997
521458.339397
521458.347797
521458.356197
521458.364597
521458.372997
521458.381397
521458.389797
521458.398197
521458.406597
521458.414997
521458.423397
521458.431797
521458.440197
521458.448597
521458.456997
521458.465397
521458.473797
521458.482197
521458.490597
521458.498997
521458.507397
521458.515797
521458.524197
521458.532597
521458.540997
521458.549397
521458.557797
521458.566197
521458.574597
521458.582997
521458.591397
521458.599797
521458.608197
521458.616597
521458.624997
521458.633397
521458.641797
521458.650197
521458.658597
521458.666997
521458.675397
521458.683797
521458.692197
521458.700597
521458.708997
521458.717397
521458.725797
521458.734197
521458.742597
521458.750997
521458.759397
521458.767797
521458.776197
521458.784597
521458.792997
521458.801397
521458.809797
521458.818197
521458.826597
521458.834997
521458.843397
521458.851797
521458.860197
521458.868597
521458.876997
521458.885397
521458.893797
521458.902197
521458.910597
521458.918997
521458.927397
521458.935797
521458.944197
521458.952597
521458.960997
521458.969397
521458.977797
521458.986197
521458.994597
521459.002997
521459.011397
521459.019797
521459.028197
521459.036597
521459.044997
521459.053397
521459.061797
521459.070197
521459.078597
521459.086997
521459.095397
521459.103797
521459.112197
521459.120597
521459.128997
521459.137397
521459.145797
521459.154197
521459.162597
521459.170997
521459.179397
521459.187797
521459.196197
521459.204597
521459.212997
521459.221397
521459.229797
521459.238197
521459.246597
521459.254997
521459.263397
521459.271797
521459.280197
521459.288597
521459.296997
521459.305397
521459.313797
521459.322197
521459.330597
521459.338997
521459.347397
521459.355797
521459.364197
521459.372597
521459.380997
521459.389397
521459.397797
521459.406197
521459.414597
521459.422997
521459.431397
521459.439797
521459.448197
521459.456597
521459.464997
521459.473397
521459.481797
521459.490197
521459.498597
521459.506997
521459.515397
521459.523797
521459.532197
521459.540597
521459.548997
521459.557397
521459.565797
521459.574197
521459.582597
521459.590997
521459.599397
521459.607797
521459.616197
521459.624597
521459.632997
521459.641397
521459.649797
521459.658197
521459.666597
521459.674997
521459.683397
521459.691797
521459.700197
521459.708597
521459.716997
521459.725397
521459.733797
521459.742197
521459.750597
521459.758997
521459.767397
521459.775797
521459.784197
521459.792597
521459.800997
521459.809397
521459.817797
521459.826197
521459.834597
521459.842997
521459.851397
521459.859797
521459.868197
521459.876597
521459.884997
521459.893397
521459.901797
521459.910197
521459.918597
521459.926997
521459.935397
521459.943797
521459.952197
521459.960597
521459.968997
521459.977397
521459.985797
521459.994197
521460.002597
521460.010997
521460.019397
521460.027797
521460.036197
521460.044597
521460.052997
521460.061397
521460.069797
521460.078197
521460.086597
521460.094997
521460.103397
521460.111797
521460.120197
521460.128597
521460.136997
521460.145397
521460.153797
521460.162197
521460.170597
521460.178997
521460.187397
521460.195797
521460.204197
521460.212597
521460.220997
521460.229397
521460.237797
521460.246197
521460.254597
521460.262997
521460.271397
521460.279797
521460.288197
521460.296597
521460.304997
521460.313397
521460.321797
521460.330197
521460.338597
521460.346997
521460.355397
521460.363797
521460.372197
521460.380597
521460.388997
521460.397397
521460.405797
521460.414197
521460.422597
521460.430997
521460.439397
521460.447797
521460.456197
521460.464597
521460.481397
521460.489797
521460.498197
521460.506597
521460.514997
521460.523397
521460.531797
521460.540197
521460.548597
521460.556997
521460.565397
521460.573797
521460.582197
521460.590597
521460.598997
521460.607397
521460.615797
521460.624197
521460.632597
521460.640997
521460.649397
521460.657797
521460.666197
521460.674597
521460.682997
521460.691397
521460.699797
521460.708197
521460.724997
521460.750197
521460.758597
521460.766997
521460.775397
521460.783797
521460.792197
521460.817397
521460.825797
521460.834197
521460.859397
521460.884597
521460.892997
521460.901397
521460.909797
521460.926597
521460.934997
521460.951797
521460.960197
521460.968597
521460.976997
521460.985397
521460.993797
521461.002197
521461.010597
521461.018997
521461.027397
521461.035797
521461.044197
521461.052597
521461.060997
521461.069397
521461.077797
521461.086197
521461.094597
521461.102997
521461.111397
521461.119797
521461.128197
521461.136597
521461.144997
521461.153397
521461.161797
521461.170197
521461.178597
521461.186997
521461.195397
521461.203797
521461.212197
521461.220597
521461.228997
521461.237397
521461.245797
521461.254197
521461.262597
521461.270997
521461.279397
521461.287797
521461.296197
521461.304597
521461.312997
521461.321397
521461.338197
521461.346597
521461.354997
521461.363397
521461.371797
521461.380197
521461.388597
521461.396997
521461.405397
521461.413797
521461.422197
521461.430597
521461.438997
521461.447397
521461.455797
521461.464197
521461.472597
521461.480997
521461.489397
521461.497797
521461.506197
521461.514597
521461.522997
521461.531397
521461.539797
521461.548197
521461.556597
521461.564997
521461.573397
521461.581797
521461.590197
521461.598597
521461.606997
521461.615397
521461.623797
521461.632197
521461.640597
521461.648997
521461.682597
521461.690997
521461.699397
521461.707797
521461.716197
521461.732997
521461.741397
521461.749797
521461.758197
521461.766597
521461.774997
521461.783397
521461.791797
521461.800197
521461.816997
521461.825397
521461.833797
521461.842197
521461.858997
521461.867397
521461.875797
521461.884197
521461.892597
521461.900997
521461.909397
521461.917797
521461.926197
521461.934597
521461.942997
521461.951397
521461.959797
521461.968197
521461.976597
521461.984997
521461.993397
521462.001797
521462.010197
521462.018597
521462.026997
521462.035397
521462.043797
521462.052197
521462.060597
521462.068997
521462.077397
521462.085797
521462.094197
521462.102597
521462.110997
521462.119397
521462.127797
521462.136197
521462.144597
521462.152997
521462.161397
521462.169797
521462.178197
521462.186597
521462.194997
521462.203397
521462.211797
521462.228597
521462.236997
521462.245397
521462.262197
521462.270597
521462.278997
521462.287397
521462.295797
521462.304197
521462.312597
521462.320997
521462.329397
521462.337797
521462.346197
521462.354597
521462.362997
521462.371397
521462.379797
521462.388197
521462.396597
521462.404997
521462.413397
521462.421797
521462.430197
521462.438597
521462.446997
521462.455397
521462.463797
521462.472197
521462.480597
521462.488997
521462.497397
521462.505797
521462.514197
521462.522597
521462.530997
521462.539397
521462.547797
521462.556197
521462.564597
521462.572997
521462.581397
521462.589797
521462.598197
521462.606597
521462.614997
521462.623397
521462.631797
521462.640197
521462.648597
521462.656997
521462.665397
521462.673797
521462.682197
521462.690597
521462.698997
521462.707397
521462.715797
521462.724197
521462.732597
521462.740997
521462.749397
521462.757797
521462.766197
521462.774597
521462.782997
521462.799797
521462.816597
521462.824997
521462.833397
521462.841797
521462.850197
521462.858597
521462.866997
521462.883797
521462.892197
521462.900597
521462.908997
521462.917397
521462.925797
521462.934197
521462.942597
521462.950997
521462.959397
521462.967797
521462.976197
521462.984597
521462.992997
521463.001397
521463.009797
521463.018197
521463.026597
521463.034997
521463.043397
521463.051797
521463.060197
521463.068597
521463.076997
521463.085397
521463.093797
521463.102197
521463.110597
521463.118997
521463.127397
521463.135797
521463.144197
521463.152597
521463.160997
521463.169397
521463.177797
521463.186197
521463.194597
521463.202997
521463.211397
521463.219797
521463.228197
521463.236597
521463.244997
521463.253397
521463.261797
521463.270197
521463.278597
521463.286997
521463.295397
521463.303797
521463.312197
521463.320597
521463.328997
521463.337397
521463.345797
521463.354197
521463.362597
521463.370997
521463.379397
521463.387797
521463.404597
521463.412997
521463.421397
521463.429797
521463.438197
521463.446597
521463.454997
521463.463397
521463.471797
521463.480197
521463.488597
521463.496997
521463.513797
521463.530597
521463.538997
521463.555797
521463.564197
521463.572597
521463.580997
521463.589397
521463.597797
521463.606197
521463.614597
521463.622997
521463.631397
521463.639797
521463.648197
521463.656597
521463.664997
521463.673397
521463.681797
521463.690197
521463.698597
521463.706997
521463.715397
521463.723797
521463.732197
521463.740597
521463.748997
521463.757397
521463.765797
521463.774197
521463.782597
521463.799397
521463.807797
521463.816197
521463.832997
521463.841397
521463.849797
521463.858197
521463.874997
521463.883397
521463.891797
521463.900197
521463.908597
521463.916997
521463.925397
521463.933797
521463.942197
521463.950597
521463.975797
521463.984197
521464.009397
521464.017797
521464.034597
521464.042997
521464.051397
521464.059797
521464.068197
521464.076597
521464.084997
521464.093397
521464.101797
521464.110197
521464.118597
521464.143797
521464.152197
521464.177397
521464.194197
521464.219397
521464.236197
521464.261397
521464.278197
521464.286597
521464.294997
521464.303397
521464.311797
521464.320197
521464.328597
521464.336997
521464.345397
521464.353797
521464.362197
521464.370597
521464.378997
521464.387397
521464.395797
521464.404197
521464.412597
521464.420997
521464.429397
521464.437797
521464.446197
521464.454597
521464.462997
521464.479797
521464.488197
521464.504997
521464.513397
521464.521797
521464.530197
521464.555397
521464.563797
521464.572197
521464.580597
521464.605797
521464.614197
521464.622597
521464.639397
521464.647797
521464.656197
521464.664597
521464.672997
521464.681397
521464.689797
521464.698197
521464.706597
521464.714997
521464.731797
521464.740197
521464.748597
521464.756997
521464.765397
521464.773797
521464.782197
521464.798997
521464.807397
521464.815797
521464.824197
521464.832597
521464.840997
521464.849397
521464.857797
521464.866197
521464.874597
521464.882997
521464.891397
521464.899797
521464.916597
521464.924997
521464.933397
521464.941797
521464.950197
521464.958597
521464.966997
521464.975397
521464.983797
521465.000597
521465.008997
521465.017397
521465.025797
521465.034197
521465.042597
521465.050997
521465.059397
521465.067797
521465.076197
521465.084597
521465.092997
521465.101397
521465.109797
521465.118197
521465.126597
521465.134997
521465.143397
521465.151797
521465.160197
521465.168597
521465.176997
521465.185397
521465.193797
521465.202197
521465.210597
521465.218997
521465.227397
521465.235797
521465.244197
521465.252597
521465.260997
521465.269397
521465.277797
521465.286197
521465.294597
521465.302997
521465.311397
521465.319797
521465.328197
521465.336597
521465.344997
521465.353397
521465.361797
521465.370197
521465.378597
521465.386997
521465.395397
521465.403797
521465.412197
521465.420597
521465.428997
521465.437397
521465.445797
521465.454197
521465.462597
521465.470997
521465.479397
521465.487797
521465.496197
521465.504597
521465.512997
521465.521397
521465.529797
521465.538197
521465.546597
521465.554997
521465.563397
521465.571797
521465.580197
521465.588597
521465.596997
521465.605397
521465.613797
521465.622197
521465.630597
521465.638997
521465.647397
521465.655797
521465.664197
521465.672597
521465.680997
521465.689397
521465.697797
521465.706197
521465.714597
521465.722997
521465.731397
521465.739797
521465.748197
521465.756597
521465.764997
521465.773397
521465.781797
521465.790197
521465.798597
521465.815397
521465.823797
521465.832197
521465.840597
521465.848997
521465.857397
521465.865797
521465.874197
521465.882597
521465.890997
521465.899397
521465.907797
521465.916197
521465.924597
521465.932997
521465.941397
521465.949797
521465.958197
521465.966597
521465.974997
521465.983397
521465.991797
521466.000197
521466.008597
521466.016997
521466.025397
521466.033797
521466.042197
521466.050597
521466.058997
521466.067397
521466.075797
521466.084197
521466.092597
521466.100997
521466.109397
521466.117797
521466.126197
521466.134597
521466.142997
521466.151397
521466.159797
521466.168197
521466.176597
521466.184997
521466.193397
521466.201797
521466.210197
521466.218597
521466.226997
521466.235397
521466.243797
521466.252197
521466.260597
521466.268997
521466.277397
521466.285797
521466.294197
521466.302597
521466.310997
521466.319397
521466.327797
521466.336197
521466.344597
521466.352997
521466.361397
521466.369797
521466.378197
521466.386597
521466.394997
521466.403397
521466.411797
521466.420197
521466.428597
521466.436997
521466.445397
521466.453797
521466.462197
521466.470597
521466.478997
521466.487397
521466.495797
521466.504197
521466.512597
521466.520997
521466.529397
521466.537797
521466.546197
521466.554597
521466.562997
521466.571397
521466.579797
521466.588197
521466.596597
521466.604997
521466.613397
521466.621797
521466.630197
521466.638597
521466.646997
521466.655397
521466.663797
521466.672197
521466.680597
521466.688997
521466.697397
521466.705797
521466.714197
521466.722597
521466.730997
521466.739397
521466.747797
521466.756197
521466.764597
521466.772997
521466.781397
521466.789797
521466.798197
521466.806597
521466.814997
521466.823397
521466.831797
521466.840197
521466.848597
521466.856997
521466.865397
521466.873797
521466.882197
521466.890597
521466.898997
521466.907397
521466.915797
521466.924197
521466.932597
521466.940997
521466.949397
521466.957797
521466.966197
521466.974597
521466.982997
521466.991397
521466.999797
521467.008197
521467.016597
521467.024997
521467.033397
521467.041797
521467.050197
521467.058597
521467.066997
521467.075397
521467.083797
521467.092197
521467.100597
521467.108997
521467.117397
521467.125797
521467.134197
521467.142597
521467.150997
521467.159397
521467.167797
521467.176197
521467.184597
521467.192997
521467.201397
521467.209797
521467.218197
521467.226597
521467.234997
521467.243397
521467.251797
521467.260197
521467.268597
521467.276997
521467.285397
521467.293797
521467.302197
521467.310597
521467.318997
521467.327397
521467.335797
521467.344197
521467.352597
521467.360997
521467.369397
521467.377797
521467.386197
521467.394597
521467.402997
521467.411397
521467.419797
521467.428197
521467.436597
521467.444997
521467.453397
521467.461797
521467.470197
521467.478597
521467.486997
521467.495397
521467.503797
521467.512197
521467.520597
521467.528997
521467.537397
521467.545797
521467.554197
521467.562597
521467.570997
521467.579397
521467.596197
521467.604597
521467.621397
521467.629797
521467.638197
521467.646597
521467.654997
521467.663397
521467.671797
521467.680197
521467.688597
521467.696997
521467.705397
521467.713797
521467.722197
521467.730597
521467.738997
521467.747397
521467.755797
521467.764197
521467.772597
521467.780997
521467.789397
521467.797797
521467.806197
521467.822997
521467.831397
521467.839797
521467.848197
521467.856597
521467.864997
521467.873397
521467.881797
521467.890197
521467.898597
521467.906997
521467.915397
521467.923797
521467.932197
521467.940597
521467.948997
521467.957397
521467.965797
521467.974197
521467.982597
521467.990997
521467.999397
521468.007797
521468.016197
521468.024597
521468.032997
521468.041397
521468.049797
521468.066597
521468.074997
521468.083397
521468.091797
521468.100197
521468.108597
521468.116997
521468.125397
521468.133797
521468.142197
521468.167397
521468.175797
521468.184197
521468.192597
521468.200997
521468.209397
521468.217797
521468.226197
521468.234597
521468.242997
521468.251397
521468.259797
521468.268197
521468.276597
521468.284997
521468.293397
521468.301797
521468.310197
521468.318597
521468.326997
521468.335397
521468.343797
521468.352197
521468.360597
521468.368997
521468.377397
521468.385797
521468.394197
521468.402597
521468.410997
521468.419397
521468.427797
521468.436197
521468.452997
521468.461397
521468.469797
521468.478197
521468.486597
521468.494997
521468.503397
521468.511797
521468.520197
521468.528597
521468.545397
521468.553797
521468.562197
521468.570597
521468.578997
521468.587397
521468.595797
521468.604197
521468.612597
521468.620997
521468.629397
521468.637797
521468.646197
521468.654597
521468.662997
521468.671397
521468.679797
521468.688197
521468.696597
521468.704997
521468.713397
521468.721797
521468.730197
521468.738597
521468.746997
521468.755397
521468.763797
521468.772197
521468.780597
521468.788997
521468.797397
521468.805797
521468.822597
521468.830997
521468.839397
521468.847797
521468.856197
521468.864597
521468.872997
521468.881397
521468.889797
521468.898197
521468.906597
521468.914997
521468.923397
521468.931797
521468.940197
521468.948597
521468.956997
521468.965397
521468.973797
521468.982197
521468.990597
521469.015797
521469.024197
521469.032597
521469.040997
521469.049397
521469.057797
521469.066197
521469.074597
521469.082997
521469.091397
521469.099797
521469.108197
521469.116597
521469.124997
521469.133397
521469.141797
521469.150197
521469.158597
521469.166997
521469.175397
521469.183797
521469.192197
521469.200597
521469.208997
521469.217397
521469.225797
521469.234197
521469.242597
521469.250997
521469.259397
521469.267797
521469.276197
521469.284597
521469.292997
521469.301397
521469.309797
521469.318197
521469.326597
521469.334997
521469.343397
521469.351797
521469.360197
521469.368597
521469.376997
521469.385397
521469.393797
521469.402197
521469.410597
521469.418997
521469.427397
521469.435797
521469.444197
521469.452597
521469.460997
521469.469397
521469.477797
521469.486197
521469.494597
521469.502997
521469.511397
521469.519797
521469.528197
521469.536597
521469.544997
521469.553397
521469.561797
521469.570197
521469.578597
521469.586997
521469.595397
521469.603797
521469.612197
521469.620597
521469.637397
521469.645797
521469.654197
521469.662597
521469.670997
521469.679397
521469.687797
521469.696197
521469.704597
521469.712997
521469.721397
521469.729797
521469.738197
521469.746597
521469.754997
521469.763397
521469.771797
521469.780197
521469.788597
521469.796997
521469.805397
521469.813797
521469.822197
521469.830597
521469.838997
521469.847397
521469.855797
521469.864197
521469.872597
521469.880997
521469.889397
521469.897797
521469.906197
521469.914597
521469.922997
521469.931397
521469.939797
521469.948197
521469.956597
521469.964997
521469.973397
521469.981797
521469.990197
521469.998597
521470.006997
521470.015397
521470.023797
521470.032197
521470.040597
521470.048997
521470.057397
521470.065797
521470.074197
521470.082597
521470.090997
521470.099397
521470.107797
521470.116197
521470.124597
521470.132997
521470.141397
521470.149797
521470.158197
521470.166597
521470.174997
521470.183397
521470.191797
521470.200197
521470.208597
521470.216997
521470.225397
521470.233797
521470.242197
521470.250597
521470.258997
521470.267397
521470.275797
521470.284197
521470.292597
521470.300997
521470.309397
521470.317797
521470.326197
521470.334597
521470.342997
521470.351397
521470.359797
521470.368197
521470.376597
521470.384997
521470.393397
521470.401797
521470.410197
521470.418597
521470.426997
521470.435397
521470.443797
521470.452197
521470.468997
521470.477397
521470.485797
521470.494197
521470.502597
521470.510997
521470.519397
521470.527797
521470.536197
521470.544597
521470.552997
521470.561397
521470.569797
521470.578197
521470.586597
521470.594997
521470.603397
521470.611797
521470.620197
521470.628597
521470.636997
521470.645397
521470.653797
521470.662197
521470.670597
521470.678997
521470.687397
521470.695797
521470.704197
521470.712597
521470.720997
521470.729397
521470.737797
521470.746197
521470.754597
521470.762997
521470.771397
521470.779797
521470.788197
521470.796597
521470.804997
521470.813397
521470.821797
521470.830197
521470.838597
521470.846997
521470.855397
521470.863797
521470.872197
521470.880597
521470.888997
521470.897397
521470.905797
521470.914197
521470.922597
521470.930997
521470.939397
521470.947797
521470.972997
521470.981397
521470.989797
521470.998197
521471.006597
521471.014997
521471.023397
521471.040197
521471.048597
521471.056997
521471.065397
521471.073797
521471.082197
521471.090597
521471.098997
521471.107397
521471.115797
521471.124197
521471.132597
521471.140997
521471.149397
521471.157797
521471.166197
521471.174597
521471.182997
521471.191397
521471.216597
521471.241797
521471.266997
521471.275397
521471.283797
521471.292197
521471.300597
521471.308997
521471.317397
521471.325797
521471.334197
521471.342597
521471.350997
521471.359397
521471.367797
521471.376197
521471.384597
521471.392997
521471.409797
521471.426597
521471.443397
521471.451797
521471.468597
521471.476997
521471.493797
521471.502197
521471.518997
521471.527397
521471.535797
521471.544197
521471.552597
521471.560997
521471.569397
521471.619797
521471.644997
521471.653397
521471.661797
521471.670197
521471.678597
521471.695397
521471.712197
521471.720597
521471.745797
521471.754197
521471.762597
521471.770997
521471.779397
521471.787797
521471.796197
521471.804597
521471.812997
521471.821397
521471.829797
521471.838197
521471.854997
521471.871797
521471.888597
521471.905397
521471.913797
521471.922197
521471.930597
521471.938997
521471.947397
521471.955797
521471.964197
521471.972597
521471.980997
521471.989397
521471.997797
521472.014597
521472.022997
521472.039797
521472.048197
521472.056597
521472.064997
521472.073397
521472.081797
521472.090197
521472.106997
521472.115397
521472.123797
521472.140597
521472.148997
521472.157397
521472.165797
521472.174197
521472.182597
521472.190997
521472.199397
521472.207797
521472.216197
521472.224597
521472.232997
521472.249797
521472.274997
521472.283397
521472.291797
521472.308597
521472.316997
521472.325397
521472.333797
521472.342197
521472.350597
521472.358997
521472.367397
521472.375797
521472.384197
521472.392597
521472.400997
521472.409397
521472.417797
521472.434597
521472.451397
521472.468197
521472.476597
521472.484997
521472.493397
521472.501797
521472.510197
521472.518597
521472.526997
521472.535397
521472.543797
521472.552197
521472.568997
521472.577397
521472.585797
521472.594197
521472.602597
521472.610997
521472.619397
521472.627797
521472.636197
521472.644597
521472.652997
521472.661397
521472.669797
521472.678197
521472.686597
521472.694997
521472.703397
521472.711797
521472.720197
521472.728597
521472.736997
521472.745397
521472.753797
521472.762197
521472.770597
521472.778997
521472.787397
521472.804197
521472.812597
521472.820997
521472.829397
521472.837797
521472.846197
521472.854597
521472.862997
521472.871397
521472.879797
521472.888197
521472.896597
521472.904997
521472.921797
521472.930197
521472.938597
521472.955397
521472.963797
521472.972197
521472.988997
521472.997397
521473.014197
521473.030997
521473.056197
521473.064597
521473.072997
521473.081397
521473.089797
521473.098197
521473.106597
521473.123397
521473.140197
521473.148597
521473.156997
521473.165397
521473.173797
521473.182197
521473.190597
521473.198997
521473.207397
521473.215797
521473.224197
521473.232597
521473.240997
521473.257797
521473.266197
521473.274597
521473.282997
521473.291397
521473.308197
521473.316597
521473.324997
521473.333397
521473.341797
521473.350197
521473.358597
521473.375397
521473.383797
521473.392197
521473.400597
521473.408997
521473.417397
521473.425797
521473.434197
521473.442597
521473.450997
521473.459397
521473.467797
521473.476197
521473.484597
521473.492997
521473.501397
521473.509797
521473.518197
521473.526597
521473.534997
521473.543397
521473.560197
521473.568597
521473.576997
521473.585397
521473.593797
521473.602197
521473.610597
521473.618997
521473.627397
521473.635797
521473.644197
521473.652597
521473.660997
521473.669397
521473.677797
521473.686197
521473.694597
521473.702997
521473.711397
521473.728197
521473.736597
521473.744997
521473.753397
521473.761797
521473.770197
521473.778597
521473.786997
521473.795397
521473.803797
521473.812197
521473.820597
521473.837397
521473.845797
521473.854197
521473.862597
521473.870997
521473.879397
521473.887797
521473.896197
521473.904597
521473.912997
521473.921397
521473.929797
521473.938197
521473.946597
521473.954997
521473.963397
521473.971797
521473.980197
521473.988597
521473.996997
521474.005397
521474.013797
521474.022197
521474.030597
521474.038997
521474.047397
521474.055797
521474.064197
521474.072597
521474.080997
521474.089397
521474.097797
521474.106197
521474.114597
521474.122997
521474.131397
521474.139797
521474.148197
521474.156597
521474.164997
521474.173397
521474.181797
521474.190197
521474.198597
521474.206997
521474.215397
521474.223797
521474.232197
521474.240597
521474.248997
521474.257397
521474.265797
521474.274197
521474.282597
521474.290997
521474.299397
521474.307797
521474.316197
521474.324597
521474.332997
521474.341397
521474.349797
521474.358197
521474.366597
521474.374997
521474.383397
521474.391797
521474.400197
521474.408597
521474.416997
521474.425397
521474.433797
521474.442197
521474.450597
521474.458997
521474.467397
521474.475797
521474.484197
521474.492597
521474.500997
521474.509397
521474.517797
521474.526197
521474.534597
521474.542997
521474.551397
521474.559797
521474.568197
521474.576597
521474.584997
521474.593397
521474.601797
521474.610197
521474.618597
521474.626997
521474.635397
521474.643797
521474.652197
521474.660597
521474.668997
521474.677397
521474.685797
521474.694197
521474.702597
521474.710997
521474.719397
521474.727797
521474.736197
521474.744597
521474.752997
521474.761397
521474.769797
521474.778197
521474.786597
521474.794997
521474.803397
521474.811797
521474.820197
521474.828597
521474.836997
521474.845397
521474.862197
521474.870597
521474.878997
521474.887397
521474.895797
521474.904197
521474.912597
521474.920997
521474.929397
521474.937797
521474.946197
521474.954597
521474.962997
521474.971397
521474.979797
521474.988197
521474.996597
521475.004997
521475.013397
521475.021797
521475.030197
521475.038597
521475.046997
521475.055397
521475.063797
521475.072197
521475.080597
521475.088997
521475.097397
521475.105797
521475.114197
521475.122597
521475.139397
521475.147797
521475.156197
521475.164597
521475.172997
521475.189797
521475.198197
521475.206597
521475.214997
521475.223397
521475.231797
521475.248597
521475.265397
521475.273797
521475.282197
521475.290597
521475.298997
521475.307397
521475.315797
521475.324197
521475.332597
521475.340997
521475.349397
521475.357797
521475.366197
521475.374597
521475.382997
521475.391397
521475.399797
521475.408197
521475.416597
521475.424997
521475.433397
521475.441797
521475.450197
521475.458597
521475.466997
521475.475397
521475.483797
521475.492197
521475.500597
521475.508997
521475.517397
521475.525797
521475.534197
521475.542597
521475.550997
521475.559397
521475.567797
521475.576197
521475.584597
521475.592997
521475.601397
521475.609797
521475.618197
521475.626597
521475.634997
521475.643397
521475.651797
521475.685397
521475.693797
521475.702197
521475.710597
521475.718997
521475.727397
521475.735797
521475.744197
521475.752597
521475.760997
521475.769397
521475.777797
521475.786197
521475.794597
521475.802997
521475.811397
521475.819797
521475.828197
521475.836597
521475.844997
521475.853397
521475.861797
521475.870197
521475.878597
521475.886997
521475.895397
521475.903797
521475.912197
521475.920597
521475.928997
521475.937397
521475.945797
521475.954197
521475.962597
521475.970997
521475.979397
521475.987797
521475.996197
521476.004597
521476.012997
521476.021397
521476.029797
521476.038197
521476.046597
521476.054997
521476.063397
521476.071797
521476.080197
521476.088597
521476.096997
521476.105397
521476.113797
521476.122197
521476.130597
521476.138997
