521447.873452
521447.881852
521447.890252
521447.898652
521447.907052
521447.915452
521447.923852
521447.932252
521447.940652
521447.949052
521447.957452
521447.965852
521447.974252
521447.982652
521447.991052
521447.999452
521448.007852
521448.016252
521448.024652
521448.033052
521448.041452
521448.049852
521448.058252
521448.066652
521448.075052
521448.083452
521448.091852
521448.100252
521448.108652
521448.117052
521448.125452
521448.133852
521448.142252
521448.150652
521448.159052
521448.167452
521448.175852
521448.184252
521448.192652
521448.201052
521448.209452
521448.217852
521448.226252
521448.234652
521448.243052
521448.251452
521448.259852
521448.268252
521448.276652
521448.285052
521448.293452
521448.301852
521448.310252
521448.318652
521448.327052
521448.335452
521448.343852
521448.352252
521448.360652
521448.369052
521448.377452
521448.385852
521448.394252
521448.402652
521448.411052
521448.419452
521448.427852
521448.436252
521448.444652
521448.453052
521448.461452
521448.469852
521448.478252
521448.486652
521448.495052
521448.503452
521448.511852
521448.520252
521448.528652
521448.537052
521448.545452
521448.553852
521448.562252
521448.570652
521448.579052
521448.587452
521448.595852
521448.604252
521448.612652
521448.621052
521448.629452
521448.637852
521448.646252
521448.654652
521448.663052
521448.671452
521448.679852
521448.688252
521448.696652
521448.705052
521448.713452
521448.721852
521448.730252
521448.738652
521448.747052
521448.755452
521448.763852
521448.772252
521448.780652
521448.789052
521448.797452
521448.805852
521448.814252
521448.822652
521448.831052
521448.839452
521448.847852
521448.856252
521448.864652
521448.873052
521448.881452
521448.889852
521448.898252
521448.906652
521448.915052
521448.923452
521448.931852
521448.940252
521448.948652
521448.957052
521448.965452
521448.973852
521448.982252
521448.990652
521448.999052
521449.007452
521449.015852
521449.024252
521449.032652
521449.041052
521449.049452
521449.057852
521449.066252
521449.074652
521449.083052
521449.091452
521449.099852
521449.108252
521449.116652
521449.125052
521449.133452
521449.141852
521449.150252
521449.158652
521449.167052
521449.175452
521449.183852
521449.192252
521449.200652
521449.209052
521449.217452
521449.225852
521449.234252
521449.242652
521449.251052
521449.259452
521449.267852
521449.276252
521449.284652
521449.293052
521449.301452
521449.309852
521449.318252
521449.326652
521449.335052
521449.343452
521449.351852
521449.360252
521449.368652
521449.377052
521449.385452
521449.393852
521449.402252
521449.410652
521449.419052
521449.427452
521449.435852
521449.444252
521449.452652
521449.461052
521449.469452
521449.477852
521449.486252
521449.494652
521449.503052
521449.511452
521449.519852
521449.528252
521449.536652
521449.545052
521449.553452
521449.561852
521449.570252
521449.578652
521449.587052
521449.595452
521449.603852
521449.612252
521449.620652
521449.629052
521449.637452
521449.645852
521449.654252
521449.662652
521449.671052
521449.679452
521449.687852
521449.696252
521449.704652
521449.713052
521449.721452
521449.729852
521449.738252
521449.746652
521449.755052
521449.763452
521449.771852
521449.788652
521449.822252
521449.830652
521449.855852
521449.864252
521449.872652
521449.889452
521449.906252
521449.914652
521449.923052
521449.931452
521449.939852
521449.948252
521449.956652
521449.965052
521449.973452
521449.981852
521449.990252
521450.007052
521450.015452
521450.023852
521450.032252
521450.040652
521450.049052
521450.057452
521450.065852
521450.074252
521450.082652
521450.091052
521450.099452
521450.107852
521450.116252
521450.124652
521450.133052
521450.141452
521450.149852
521450.158252
521450.166652
521450.175052
521450.183452
521450.191852
521450.200252
521450.208652
521450.225452
521450.233852
521450.242252
521450.250652
521450.259052
521450.267452
521450.275852
521450.284252
521450.292652
521450.301052
521450.309452
521450.317852
521450.326252
521450.334652
521450.343052
521450.351452
521450.359852
521450.368252
521450.385052
521450.393452
521450.418652
521450.435452
521450.443852
521450.452252
521450.460652
521450.469052
521450.477452
521450.485852
521450.494252
521450.502652
521450.511052
521450.519452
521450.527852
521450.536252
521450.544652
521450.561452
521450.569852
521450.578252
521450.595052
521450.603452
521450.611852
521450.620252
521450.628652
521450.637052
521450.662252
521450.670652
521450.687452
521450.695852
521450.704252
521450.712652
521450.721052
521450.729452
521450.737852
521450.746252
521450.763052
521450.771452
521450.779852
521450.788252
521450.805052
521450.813452
521450.830252
521450.838652
521450.847052
521450.855452
521450.863852
521450.872252
521450.880652
521450.889052
521450.897452
521450.905852
521450.914252
521450.922652
521450.931052
521450.939452
521450.947852
521450.956252
521450.964652
521450.973052
521450.981452
521450.989852
521450.998252
521451.006652
521451.015052
521451.023452
521451.031852
521451.040252
521451.048652
521451.057052
521451.065452
521451.073852
521451.082252
521451.090652
521451.099052
521451.107452
521451.115852
521451.124252
521451.132652
521451.141052
521451.157852
521451.166252
521451.174652
521451.183052
521451.191452
521451.199852
521451.208252
521451.216652
521451.225052
521451.233452
521451.241852
521451.250252
521451.258652
521451.267052
521451.275452
521451.283852
521451.292252
521451.300652
521451.309052
521451.317452
521451.325852
521451.334252
521451.342652
521451.351052
521451.359452
521451.367852
521451.376252
521451.384652
521451.393052
521451.401452
521451.409852
521451.418252
521451.426652
521451.435052
521451.443452
521451.451852
521451.460252
521451.468652
521451.477052
521451.485452
521451.493852
521451.502252
521451.510652
521451.519052
521451.527452
521451.535852
521451.544252
521451.552652
521451.561052
521451.569452
521451.577852
521451.586252
521451.594652
521451.603052
521451.611452
521451.619852
521451.628252
521451.636652
521451.645052
521451.653452
521451.661852
521451.670252
521451.678652
521451.695452
521451.703852
521451.712252
521451.720652
521451.729052
521451.737452
521451.745852
521451.754252
521451.762652
521451.771052
521451.779452
521451.787852
521451.796252
521451.804652
521451.821452
521451.829852
521451.838252
521451.846652
521451.863452
521451.871852
521451.888652
521451.897052
521451.905452
521451.913852
521451.922252
521451.930652
521451.939052
521451.947452
521451.955852
521451.964252
521451.972652
521451.981052
521451.989452
521451.997852
521452.006252
521452.014652
521452.023052
521452.031452
521452.039852
521452.048252
521452.056652
521452.065052
521452.073452
521452.081852
521452.090252
521452.098652
521452.107052
521452.115452
521452.123852
521452.132252
521452.140652
521452.149052
521452.157452
521452.165852
521452.174252
521452.182652
521452.191052
521452.199452
521452.207852
521452.216252
521452.224652
521452.233052
521452.241452
521452.249852
521452.258252
521452.266652
521452.275052
521452.283452
521452.291852
521452.300252
521452.308652
521452.317052
521452.325452
521452.333852
521452.342252
521452.350652
521452.359052
521452.367452
521452.375852
521452.384252
521452.392652
521452.401052
521452.409452
521452.417852
521452.426252
521452.434652
521452.443052
521452.451452
521452.459852
521452.468252
521452.476652
521452.485052
521452.493452
521452.501852
521452.510252
521452.518652
521452.527052
521452.535452
521452.543852
521452.552252
521452.560652
521452.569052
521452.577452
521452.594252
521452.602652
521452.611052
521452.619452
521452.627852
521452.636252
521452.644652
521452.653052
521452.669852
521452.678252
521452.686652
521452.695052
521452.703452
521452.711852
521452.720252
521452.728652
521452.737052
521452.745452
521452.753852
521452.762252
521452.770652
521452.779052
521452.787452
521452.795852
521452.804252
521452.812652
521452.821052
521452.829452
521452.837852
521452.846252
521452.854652
521452.863052
521452.871452
521452.879852
521452.888252
521452.896652
521452.905052
521452.913452
521452.930252
521452.938652
521452.947052
521452.963852
521452.972252
521452.997452
521453.005852
521453.014252
521453.022652
521453.039452
521453.047852
521453.056252
521453.064652
521453.073052
521453.081452
521453.089852
521453.098252
521453.106652
521453.115052
521453.123452
521453.131852
521453.140252
521453.148652
521453.157052
521453.165452
521453.173852
521453.182252
521453.190652
521453.199052
521453.207452
521453.215852
521453.224252
521453.241052
521453.249452
521453.257852
521453.266252
521453.283052
521453.291452
521453.308252
521453.316652
521453.325052
521453.333452
521453.341852
521453.350252
521453.367052
521453.375452
521453.383852
521453.392252
521453.409052
521453.417452
521453.425852
521453.442652
521453.459452
521453.467852
521453.476252
521453.484652
521453.493052
521453.501452
521453.509852
521453.518252
521453.526652
521453.543452
521453.551852
521453.560252
521453.568652
521453.577052
521453.585452
521453.593852
521453.602252
521453.610652
521453.619052
521453.627452
521453.635852
521453.644252
521453.652652
521453.661052
521453.669452
521453.677852
521453.686252
521453.694652
521453.703052
521453.711452
521453.719852
521453.728252
521453.736652
521453.745052
521453.753452
521453.761852
521453.770252
521453.787052
521453.795452
521453.812252
521453.820652
521453.829052
521453.837452
521453.845852
521453.854252
521453.862652
521453.879452
521453.887852
521453.896252
521453.904652
521453.913052
521453.921452
521453.929852
521453.938252
521453.946652
521453.955052
521453.963452
521453.971852
521453.980252
521453.988652
521453.997052
521454.005452
521454.013852
521454.022252
521454.047452
521454.055852
521454.064252
521454.081052
521454.089452
521454.097852
521454.106252
521454.114652
521454.123052
521454.131452
521454.139852
521454.148252
521454.156652
521454.165052
521454.173452
521454.181852
521454.190252
521454.198652
521454.207052
521454.215452
521454.223852
521454.232252
521454.240652
521454.249052
521454.257452
521454.265852
521454.274252
521454.282652
521454.291052
521454.299452
521454.307852
521454.316252
521454.324652
521454.333052
521454.341452
521454.349852
521454.358252
521454.366652
521454.375052
521454.383452
521454.391852
521454.400252
521454.408652
521454.417052
521454.425452
521454.433852
521454.442252
521454.450652
521454.459052
521454.467452
521454.475852
521454.484252
521454.492652
521454.501052
521454.509452
521454.517852
521454.526252
521454.534652
521454.543052
521454.551452
521454.559852
521454.568252
521454.576652
521454.585052
521454.593452
521454.601852
521454.610252
521454.618652
521454.627052
521454.635452
521454.643852
521454.652252
521454.660652
521454.669052
521454.677452
521454.685852
521454.694252
521454.702652
521454.711052
521454.719452
521454.727852
521454.736252
521454.744652
521454.753052
521454.761452
521454.769852
521454.778252
521454.786652
521454.795052
521454.803452
521454.811852
521454.820252
521454.828652
521454.837052
521454.845452
521454.853852
521454.862252
521454.870652
521454.879052
521454.887452
521454.895852
521454.904252
521454.912652
521454.921052
521454.929452
521454.937852
521454.946252
521454.954652
521454.963052
521454.971452
521454.979852
521454.988252
521454.996652
521455.005052
521455.013452
521455.021852
521455.030252
521455.038652
521455.047052
521455.055452
521455.063852
521455.072252
521455.080652
521455.089052
521455.097452
521455.105852
521455.114252
521455.122652
521455.131052
521455.139452
521455.147852
521455.156252
521455.164652
521455.173052
521455.181452
521455.189852
521455.198252
521455.206652
521455.215052
521455.223452
521455.231852
521455.240252
521455.248652
521455.257052
521455.265452
521455.273852
521455.282252
521455.290652
521455.299052
521455.307452
521455.315852
521455.324252
521455.332652
521455.341052
521455.349452
521455.357852
521455.366252
521455.374652
521455.383052
521455.391452
521455.399852
521455.408252
521455.416652
521455.425052
521455.433452
521455.441852
521455.450252
521455.458652
521455.467052
521455.475452
521455.483852
521455.492252
521455.500652
521455.509052
521455.517452
521455.525852
521455.534252
521455.542652
521455.551052
521455.559452
521455.567852
521455.576252
521455.584652
521455.593052
521455.601452
521455.609852
521455.618252
521455.626652
521455.635052
521455.643452
521455.651852
521455.660252
521455.668652
521455.677052
521455.685452
521455.693852
521455.702252
521455.710652
521455.719052
521455.727452
521455.735852
521455.744252
521455.752652
521455.761052
521455.769452
521455.777852
521455.786252
521455.794652
521455.803052
521455.811452
521455.819852
521455.828252
521455.836652
521455.845052
521455.853452
521455.861852
521455.870252
521455.878652
521455.887052
521455.895452
521455.903852
521455.912252
521455.920652
521455.929052
521455.937452
521455.945852
521455.954252
521455.962652
521455.971052
521455.979452
521455.987852
521455.996252
521456.004652
521456.013052
521456.021452
521456.029852
521456.038252
521456.046652
521456.055052
521456.063452
521456.071852
521456.080252
521456.088652
521456.097052
521456.105452
521456.113852
521456.122252
521456.130652
521456.139052
521456.147452
521456.155852
521456.172652
521456.181052
521456.189452
521456.197852
521456.214652
521456.223052
521456.231452
521456.239852
521456.248252
521456.256652
521456.265052
521456.273452
521456.281852
521456.290252
521456.298652
521456.315452
521456.323852
521456.332252
521456.340652
521456.349052
521456.357452
521456.365852
521456.374252
521456.382652
521456.391052
521456.399452
521456.407852
521456.416252
521456.424652
521456.433052
521456.449852
521456.458252
521456.475052
521456.483452
521456.491852
521456.508652
521456.525452
521456.533852
521456.550652
521456.559052
521456.567452
521456.575852
521456.592652
521456.601052
521456.609452
521456.617852
521456.643052
521456.651452
521456.659852
521456.668252
521456.676652
521456.693452
521456.701852
521456.710252
521456.727052
521456.735452
521456.743852
521456.752252
521456.777452
521456.811052
521456.819452
521456.844652
521456.861452
521456.869852
521456.878252
521456.886652
521456.895052
521456.903452
521456.911852
521456.920252
521456.928652
521456.937052
521456.945452
521456.953852
521456.962252
521456.970652
521456.979052
521456.987452
521456.995852
521457.004252
521457.012652
521457.021052
521457.029452
521457.037852
521457.046252
521457.054652
521457.063052
521457.071452
521457.079852
521457.088252
521457.096652
521457.105052
521457.113452
521457.121852
521457.130252
521457.138652
521457.147052
521457.155452
521457.163852
521457.172252
521457.180652
521457.189052
521457.197452
521457.205852
521457.214252
521457.222652
521457.231052
521457.239452
521457.247852
521457.256252
521457.264652
521457.273052
521457.281452
521457.289852
521457.298252
521457.306652
521457.315052
521457.323452
521457.331852
521457.340252
521457.348652
521457.357052
521457.365452
521457.373852
521457.382252
521457.390652
521457.399052
521457.407452
521457.415852
521457.424252
521457.432652
521457.441052
521457.449452
521457.457852
521457.466252
521457.474652
521457.483052
521457.491452
521457.499852
521457.508252
521457.516652
521457.525052
521457.533452
521457.541852
521457.550252
521457.558652
521457.567052
521457.575452
521457.583852
521457.592252
521457.600652
521457.609052
521457.617452
521457.625852
521457.634252
521457.642652
521457.651052
521457.659452
521457.667852
521457.676252
521457.684652
521457.693052
521457.701452
521457.709852
521457.718252
521457.726652
521457.735052
521457.743452
521457.751852
521457.760252
521457.768652
521457.777052
521457.785452
521457.793852
521457.802252
521457.810652
521457.819052
521457.827452
521457.835852
521457.844252
521457.852652
521457.861052
521457.869452
521457.877852
521457.894652
521457.903052
521457.911452
521457.919852
521457.928252
521457.936652
521457.945052
521457.953452
521457.970252
521457.978652
521457.987052
521457.995452
521458.003852
521458.012252
521458.020652
521458.029052
521458.037452
521458.045852
521458.054252
521458.062652
521458.071052
521458.079452
521458.087852
521458.096252
521458.104652
521458.113052
521458.121452
521458.129852
521458.138252
521458.146652
521458.155052
521458.171852
521458.180252
521458.188652
521458.197052
521458.213852
521458.222252
521458.230652
521458.239052
521458.247452
521458.255852
521458.264252
521458.272652
521458.281052
521458.297852
521458.306252
521458.314652
521458.323052
521458.331452
521458.339852
521458.348252
521458.356652
521458.365052
521458.373452
521458.381852
521458.390252
521458.398652
521458.407052
521458.415452
521458.423852
521458.432252
521458.440652
521458.449052
521458.457452
521458.465852
521458.474252
521458.482652
521458.499452
521458.507852
521458.516252
521458.524652
521458.533052
521458.541452
521458.549852
521458.558252
521458.566652
521458.575052
521458.583452
521458.591852
521458.600252
521458.608652
521458.617052
521458.625452
521458.642252
521458.650652
521458.659052
521458.667452
521458.675852
521458.684252
521458.692652
521458.701052
521458.709452
521458.717852
521458.726252
521458.734652
521458.743052
521458.751452
521458.759852
521458.768252
521458.776652
521458.785052
521458.793452
521458.801852
521458.810252
521458.818652
521458.827052
521458.843852
521458.860652
521458.877452
521458.894252
521458.911052
521458.919452
521458.927852
521458.936252
521458.944652
521458.953052
521458.961452
521458.969852
521458.978252
521458.986652
521458.995052
521459.003452
521459.011852
521459.020252
521459.028652
521459.037052
521459.045452
521459.053852
521459.062252
521459.070652
521459.079052
521459.087452
521459.095852
521459.104252
521459.112652
521459.121052
521459.129452
521459.137852
521459.146252
521459.154652
521459.163052
521459.171452
521459.179852
521459.188252
521459.196652
521459.205052
521459.213452
521459.221852
521459.230252
521459.238652
521459.247052
521459.255452
521459.263852
521459.272252
521459.280652
521459.289052
521459.297452
521459.305852
521459.314252
521459.322652
521459.331052
521459.339452
521459.347852
521459.356252
521459.364652
521459.373052
521459.381452
521459.389852
521459.398252
521459.406652
521459.415052
521459.423452
521459.431852
521459.440252
521459.448652
521459.457052
521459.465452
521459.473852
521459.482252
521459.490652
521459.499052
521459.507452
521459.515852
521459.524252
521459.532652
521459.541052
521459.549452
521459.557852
521459.566252
521459.574652
521459.583052
521459.591452
521459.599852
521459.608252
521459.616652
521459.625052
521459.633452
521459.641852
521459.650252
521459.658652
521459.667052
521459.675452
521459.683852
521459.692252
521459.700652
521459.709052
521459.717452
521459.725852
521459.734252
521459.742652
521459.751052
521459.759452
521459.767852
521459.776252
521459.784652
521459.793052
521459.801452
521459.809852
521459.818252
521459.826652
521459.835052
521459.843452
521459.860252
521459.868652
521459.877052
521459.885452
521459.893852
521459.902252
521459.910652
521459.919052
521459.927452
521459.935852
521459.944252
521459.952652
521459.961052
521459.969452
521459.977852
521459.986252
521459.994652
521460.003052
521460.011452
521460.019852
521460.028252
521460.036652
521460.045052
521460.053452
521460.061852
521460.070252
521460.078652
521460.087052
521460.095452
521460.103852
521460.112252
521460.120652
521460.129052
521460.137452
521460.145852
521460.154252
521460.162652
521460.171052
521460.179452
521460.187852
521460.196252
521460.204652
521460.213052
521460.221452
521460.229852
521460.238252
521460.246652
521460.255052
521460.263452
521460.271852
521460.280252
521460.288652
521460.297052
521460.305452
521460.313852
521460.322252
521460.330652
521460.339052
521460.347452
521460.355852
521460.364252
521460.372652
521460.381052
521460.389452
521460.397852
521460.406252
521460.414652
521460.423052
521460.431452
521460.439852
521460.448252
521460.456652
521460.465052
521460.473452
521460.481852
521460.490252
521460.498652
521460.507052
521460.515452
521460.523852
521460.532252
521460.540652
521460.549052
521460.557452
521460.574252
521460.582652
521460.591052
521460.599452
521460.607852
521460.616252
521460.624652
521460.633052
521460.641452
521460.649852
521460.658252
521460.666652
521460.675052
521460.683452
521460.691852
521460.700252
521460.708652
521460.717052
521460.725452
521460.733852
521460.742252
521460.750652
521460.759052
521460.767452
521460.775852
521460.784252
521460.801052
521460.817852
521460.826252
521460.834652
521460.851452
521460.859852
521460.868252
521460.876652
521460.893452
521460.901852
521460.910252
521460.918652
521460.927052
521460.935452
521460.943852
521460.952252
521460.960652
521460.969052
521460.977452
521460.985852
521460.994252
521461.002652
521461.011052
521461.019452
521461.027852
521461.036252
521461.044652
521461.053052
521461.061452
521461.069852
521461.078252
521461.086652
521461.095052
521461.103452
521461.111852
521461.120252
521461.128652
521461.137052
521461.145452
521461.153852
521461.162252
521461.170652
521461.179052
521461.187452
521461.195852
521461.204252
521461.212652
521461.221052
521461.229452
521461.237852
521461.246252
521461.254652
521461.263052
521461.271452
521461.279852
521461.288252
521461.296652
521461.305052
521461.313452
521461.321852
521461.330252
521461.338652
521461.347052
521461.355452
521461.363852
521461.372252
521461.380652
521461.389052
521461.397452
521461.405852
521461.414252
521461.422652
521461.431052
521461.439452
521461.447852
521461.456252
521461.464652
521461.473052
521461.481452
521461.489852
521461.498252
521461.506652
521461.515052
521461.523452
521461.531852
521461.540252
521461.548652
521461.557052
521461.565452
521461.573852
521461.582252
521461.590652
521461.599052
521461.607452
521461.615852
521461.624252
521461.632652
521461.641052
521461.674652
521461.683052
521461.691452
521461.699852
521461.708252
521461.716652
521461.725052
521461.733452
521461.741852
521461.750252
521461.758652
521461.775452
521461.783852
521461.792252
521461.800652
521461.825852
521461.834252
521461.859452
521461.876252
521461.893052
521461.901452
521461.909852
521461.918252
521461.926652
521461.935052
521461.943452
521461.951852
521461.960252
521461.968652
521461.977052
521461.985452
521461.993852
521462.002252
521462.010652
521462.019052
521462.027452
521462.035852
521462.044252
521462.052652
521462.061052
521462.069452
521462.077852
521462.086252
521462.094652
521462.103052
521462.111452
521462.119852
521462.128252
521462.136652
521462.145052
521462.153452
521462.161852
521462.178652
521462.195452
521462.203852
521462.212252
521462.220652
521462.229052
521462.237452
521462.245852
521462.254252
521462.262652
521462.271052
521462.279452
521462.296252
521462.304652
521462.313052
521462.321452
521462.329852
521462.338252
521462.346652
521462.363452
521462.380252
521462.388652
521462.413852
521462.422252
521462.430652
521462.439052
521462.447452
521462.455852
521462.464252
521462.472652
521462.481052
521462.489452
521462.497852
521462.506252
521462.514652
521462.523052
521462.531452
521462.539852
521462.548252
521462.556652
521462.565052
521462.573452
521462.590252
521462.598652
521462.607052
521462.615452
521462.623852
521462.632252
521462.640652
521462.649052
521462.657452
521462.665852
521462.674252
521462.691052
521462.699452
521462.707852
521462.716252
521462.724652
521462.733052
521462.741452
521462.758252
521462.766652
521462.791852
521462.800252
521462.817052
521462.842252
521462.867452
521462.875852
521462.892652
521462.901052
521462.926252
521462.934652
521462.959852
521462.968252
521462.976652
521462.985052
521462.993452
521463.001852
521463.010252
521463.018652
521463.027052
521463.035452
521463.052252
521463.060652
521463.069052
521463.077452
521463.085852
521463.094252
521463.102652
521463.111052
521463.119452
521463.127852
521463.136252
521463.144652
521463.153052
521463.161452
521463.169852
521463.178252
521463.186652
521463.195052
521463.211852
521463.220252
521463.228652
521463.237052
521463.245452
521463.262252
521463.270652
521463.279052
521463.287452
521463.295852
521463.304252
521463.312652
521463.321052
521463.329452
521463.337852
521463.363052
521463.371452
521463.379852
521463.388252
521463.396652
521463.405052
521463.413452
521463.421852
521463.430252
521463.447052
521463.455452
521463.463852
521463.472252
521463.497452
521463.505852
521463.514252
521463.539452
521463.547852
521463.556252
521463.564652
521463.581452
521463.589852
521463.598252
521463.606652
521463.615052
521463.623452
521463.631852
521463.640252
521463.648652
521463.657052
521463.665452
521463.673852
521463.682252
521463.690652
521463.699052
521463.707452
521463.715852
521463.724252
521463.732652
521463.757852
521463.774652
521463.791452
521463.808252
521463.816652
521463.825052
521463.833452
521463.841852
521463.850252
521463.858652
521463.875452
521463.883852
521463.892252
521463.900652
521463.909052
521463.917452
521463.925852
521463.934252
521463.942652
521463.951052
521463.959452
521463.967852
521463.976252
521463.984652
521463.993052
521464.001452
521464.018252
521464.035052
521464.060252
521464.068652
521464.077052
521464.085452
521464.102252
521464.110652
521464.119052
521464.127452
521464.135852
521464.144252
521464.152652
521464.161052
521464.169452
521464.186252
521464.194652
521464.203052
521464.211452
521464.219852
521464.228252
521464.236652
521464.245052
521464.253452
521464.261852
521464.270252
521464.278652
521464.287052
521464.295452
521464.303852
521464.312252
521464.320652
521464.337452
521464.345852
521464.354252
521464.362652
521464.371052
521464.379452
521464.387852
521464.396252
521464.404652
521464.413052
521464.421452
521464.429852
521464.446652
521464.455052
521464.463452
521464.471852
521464.480252
521464.488652
521464.497052
521464.505452
521464.513852
521464.522252
521464.530652
521464.539052
521464.547452
521464.555852
521464.564252
521464.572652
521464.581052
521464.589452
521464.597852
521464.606252
521464.614652
521464.623052
521464.631452
521464.639852
521464.648252
521464.656652
521464.665052
521464.681852
521464.698652
521464.707052
521464.715452
521464.723852
521464.732252
521464.740652
521464.749052
521464.757452
521464.765852
521464.791052
521464.799452
521464.807852
521464.816252
521464.824652
521464.833052
521464.841452
521464.849852
521464.875052
521464.891852
521464.900252
521464.908652
521464.917052
521464.933852
521464.942252
521464.950652
521464.967452
521464.975852
521464.984252
521464.992652
521465.001052
521465.009452
521465.026252
521465.034652
521465.043052
521465.051452
521465.059852
521465.068252
521465.076652
521465.085052
521465.093452
521465.101852
521465.110252
521465.118652
521465.127052
521465.135452
521465.143852
521465.152252
521465.160652
521465.177452
521465.185852
521465.194252
521465.202652
521465.211052
521465.219452
521465.227852
521465.236252
521465.244652
521465.253052
521465.261452
521465.269852
521465.278252
521465.286652
521465.295052
521465.303452
521465.311852
521465.320252
521465.328652
521465.337052
521465.345452
521465.353852
521465.362252
521465.370652
521465.379052
521465.387452
521465.395852
521465.404252
521465.412652
521465.421052
521465.429452
521465.437852
521465.446252
521465.454652
521465.463052
521465.471452
521465.479852
521465.488252
521465.496652
521465.505052
521465.513452
521465.521852
521465.530252
521465.538652
521465.547052
521465.555452
521465.563852
521465.572252
521465.580652
521465.589052
521465.605852
521465.614252
521465.622652
521465.631052
521465.639452
521465.647852
521465.656252
521465.664652
521465.673052
521465.681452
521465.689852
521465.698252
521465.706652
521465.715052
521465.723452
521465.731852
521465.740252
521465.748652
521465.757052
521465.765452
521465.773852
521465.782252
521465.790652
521465.799052
521465.807452
521465.815852
521465.824252
521465.832652
521465.841052
521465.849452
521465.857852
521465.866252
521465.883052
521465.891452
521465.899852
521465.908252
521465.916652
521465.925052
521465.933452
521465.941852
521465.950252
521465.958652
521465.967052
521465.975452
521465.983852
521465.992252
521466.000652
521466.009052
521466.017452
521466.025852
521466.034252
521466.042652
521466.051052
521466.059452
521466.067852
521466.076252
521466.084652
521466.093052
521466.101452
521466.109852
521466.118252
521466.126652
521466.135052
521466.143452
521466.151852
521466.160252
521466.168652
521466.177052
521466.185452
521466.193852
521466.202252
521466.210652
521466.219052
521466.227452
521466.235852
521466.244252
521466.252652
521466.261052
521466.269452
521466.277852
521466.286252
521466.294652
521466.303052
521466.311452
521466.319852
521466.328252
521466.336652
521466.345052
521466.353452
521466.361852
521466.370252
521466.378652
521466.387052
521466.395452
521466.403852
521466.412252
521466.420652
521466.429052
521466.437452
521466.445852
521466.454252
521466.462652
521466.471052
521466.479452
521466.487852
521466.496252
521466.504652
521466.513052
521466.521452
521466.529852
521466.538252
521466.546652
521466.555052
521466.563452
521466.571852
521466.580252
521466.588652
521466.597052
521466.605452
521466.613852
521466.622252
521466.630652
521466.639052
521466.647452
521466.655852
521466.664252
521466.672652
521466.681052
521466.689452
521466.697852
521466.706252
521466.714652
521466.723052
521466.731452
521466.739852
521466.748252
521466.756652
521466.765052
521466.773452
521466.781852
521466.790252
521466.798652
521466.807052
521466.815452
521466.823852
521466.832252
521466.840652
521466.849052
521466.857452
521466.865852
521466.874252
521466.882652
521466.891052
521466.899452
521466.907852
521466.916252
521466.924652
521466.933052
521466.941452
521466.949852
521466.958252
521466.966652
521466.975052
521466.983452
521466.991852
521467.000252
521467.008652
521467.017052
521467.025452
521467.033852
521467.042252
521467.050652
521467.059052
521467.067452
521467.075852
521467.084252
521467.092652
521467.101052
521467.109452
521467.117852
521467.126252
521467.134652
521467.143052
521467.151452
521467.159852
521467.168252
521467.176652
521467.185052
521467.193452
521467.201852
521467.210252
521467.218652
521467.227052
521467.235452
521467.243852
521467.252252
521467.260652
521467.269052
521467.277452
521467.285852
521467.294252
521467.302652
521467.311052
521467.319452
521467.327852
521467.336252
521467.344652
521467.353052
521467.361452
521467.369852
521467.378252
521467.386652
521467.395052
521467.403452
521467.411852
521467.420252
521467.428652
521467.437052
521467.445452
521467.453852
521467.462252
521467.470652
521467.479052
521467.487452
521467.495852
521467.504252
521467.512652
521467.521052
521467.529452
521467.537852
521467.546252
521467.554652
521467.563052
521467.571452
521467.579852
521467.588252
521467.596652
521467.605052
521467.613452
521467.621852
521467.630252
521467.638652
521467.647052
521467.655452
521467.663852
521467.672252
521467.680652
521467.689052
521467.697452
521467.705852
521467.714252
521467.731052
521467.739452
521467.747852
521467.756252
521467.764652
521467.773052
521467.781452
521467.789852
521467.798252
521467.806652
521467.815052
521467.823452
521467.831852
521467.840252
521467.848652
521467.857052
521467.865452
521467.873852
521467.890652
521467.899052
521467.907452
521467.915852
521467.924252
521467.932652
521467.941052
521467.949452
521467.957852
521467.966252
521467.974652
521467.983052
521467.991452
521467.999852
521468.008252
521468.016652
521468.025052
521468.033452
521468.050252
521468.058652
521468.067052
521468.083852
521468.092252
521468.100652
521468.109052
521468.117452
521468.125852
521468.134252
521468.142652
521468.151052
521468.159452
521468.167852
521468.184652
521468.193052
521468.201452
521468.209852
521468.218252
521468.226652
521468.235052
521468.243452
521468.251852
521468.260252
521468.268652
521468.277052
521468.285452
521468.293852
521468.302252
521468.310652
521468.319052
521468.327452
521468.335852
521468.344252
521468.352652
521468.361052
521468.369452
521468.377852
521468.386252
521468.394652
521468.403052
521468.411452
521468.419852
521468.428252
521468.436652
521468.445052
521468.453452
521468.461852
521468.470252
521468.478652
521468.487052
521468.495452
521468.503852
521468.512252
521468.529052
521468.537452
521468.545852
521468.554252
521468.571052
521468.579452
521468.587852
521468.596252
521468.604652
521468.613052
521468.621452
521468.629852
521468.638252
521468.646652
521468.655052
521468.663452
521468.671852
521468.680252
521468.688652
521468.697052
521468.705452
521468.713852
521468.722252
521468.730652
521468.739052
521468.747452
521468.755852
521468.764252
521468.772652
521468.781052
521468.789452
521468.797852
521468.806252
521468.814652
521468.823052
521468.831452
521468.839852
521468.848252
521468.856652
521468.865052
521468.873452
521468.898652
521468.907052
521468.915452
521468.923852
521468.932252
521468.949052
521468.957452
521468.965852
521468.974252
521468.982652
521468.991052
521468.999452
521469.007852
521469.016252
521469.024652
521469.033052
521469.041452
521469.049852
521469.058252
521469.066652
521469.075052
521469.083452
521469.091852
521469.100252
521469.108652
521469.117052
521469.125452
521469.133852
521469.142252
521469.150652
521469.159052
521469.167452
521469.175852
521469.184252
521469.192652
521469.201052
521469.209452
521469.217852
521469.226252
521469.234652
521469.243052
521469.251452
521469.259852
521469.268252
521469.276652
521469.285052
521469.293452
521469.301852
521469.310252
521469.318652
521469.327052
521469.335452
521469.343852
521469.352252
521469.360652
521469.369052
521469.377452
521469.385852
521469.394252
521469.402652
521469.411052
521469.419452
521469.427852
521469.436252
521469.444652
521469.453052
521469.461452
521469.469852
521469.478252
521469.486652
521469.495052
521469.503452
521469.511852
521469.520252
521469.528652
521469.537052
521469.545452
521469.553852
521469.562252
521469.570652
521469.579052
521469.587452
521469.595852
521469.604252
521469.612652
521469.621052
521469.629452
521469.637852
521469.646252
521469.654652
521469.663052
521469.671452
521469.679852
521469.688252
521469.696652
521469.705052
521469.713452
521469.721852
521469.730252
521469.738652
521469.747052
521469.755452
521469.763852
521469.772252
521469.780652
521469.789052
521469.797452
521469.805852
521469.814252
521469.822652
521469.831052
521469.839452
521469.847852
521469.856252
521469.864652
521469.873052
521469.881452
521469.889852
521469.898252
521469.906652
521469.915052
521469.923452
521469.931852
521469.940252
521469.948652
521469.957052
521469.965452
521469.973852
521469.982252
521469.990652
521469.999052
521470.007452
521470.015852
521470.024252
521470.032652
521470.041052
521470.049452
521470.057852
521470.066252
521470.074652
521470.083052
521470.091452
521470.099852
521470.108252
521470.116652
521470.125052
521470.133452
521470.141852
521470.150252
521470.158652
521470.167052
521470.175452
521470.183852
521470.192252
521470.200652
521470.209052
521470.217452
521470.225852
521470.234252
521470.242652
521470.251052
521470.259452
521470.267852
521470.276252
521470.284652
521470.293052
521470.301452
521470.309852
521470.318252
521470.326652
521470.335052
521470.343452
521470.351852
521470.360252
521470.368652
521470.377052
521470.385452
521470.393852
521470.402252
521470.410652
521470.419052
521470.427452
521470.435852
521470.444252
521470.452652
521470.461052
521470.469452
521470.477852
521470.486252
521470.494652
521470.503052
521470.511452
521470.519852
521470.528252
521470.536652
521470.545052
521470.553452
521470.561852
521470.570252
521470.578652
521470.587052
521470.595452
521470.603852
521470.612252
521470.620652
521470.629052
521470.637452
521470.645852
521470.654252
521470.662652
521470.671052
521470.679452
521470.687852
521470.696252
521470.704652
521470.713052
521470.721452
521470.729852
521470.738252
521470.746652
521470.755052
521470.763452
521470.771852
521470.780252
521470.788652
521470.797052
521470.805452
521470.813852
521470.822252
521470.830652
521470.839052
521470.847452
521470.855852
521470.864252
521470.872652
521470.881052
521470.889452
521470.897852
521470.906252
521470.914652
521470.923052
521470.931452
521470.939852
521470.948252
521470.956652
521470.965052
521470.973452
521470.981852
521470.990252
521470.998652
521471.007052
521471.015452
521471.023852
521471.032252
521471.040652
521471.049052
521471.057452
521471.065852
521471.074252
521471.082652
521471.091052
521471.099452
521471.107852
521471.116252
521471.124652
521471.133052
521471.141452
521471.149852
521471.158252
521471.166652
521471.175052
521471.183452
521471.191852
521471.200252
521471.208652
521471.217052
521471.225452
521471.233852
521471.242252
521471.250652
521471.259052
521471.267452
521471.275852
521471.284252
521471.292652
521471.301052
521471.309452
521471.317852
521471.326252
521471.334652
521471.343052
521471.351452
521471.359852
521471.368252
521471.376652
521471.385052
521471.393452
521471.401852
521471.410252
521471.418652
521471.427052
521471.435452
521471.443852
521471.452252
521471.460652
521471.477452
521471.485852
521471.494252
521471.502652
521471.511052
521471.519452
521471.527852
521471.536252
521471.544652
521471.553052
521471.561452
521471.569852
521471.586652
521471.603452
521471.611852
521471.620252
521471.637052
521471.645452
521471.653852
521471.679052
521471.687452
521471.695852
521471.704252
521471.712652
521471.721052
521471.729452
521471.737852
521471.746252
521471.771452
521471.779852
521471.788252
521471.796652
521471.813452
521471.821852
521471.838652
521471.847052
521471.855452
521471.863852
521471.872252
521471.880652
521471.897452
521471.905852
521471.914252
521471.931052
521471.939452
521471.947852
521471.956252
521471.964652
521471.981452
521471.989852
521471.998252
521472.006652
521472.023452
521472.031852
521472.040252
521472.048652
521472.057052
521472.065452
521472.073852
521472.082252
521472.090652
521472.099052
521472.107452
521472.115852
521472.124252
521472.132652
521472.141052
521472.149452
521472.157852
521472.166252
521472.183052
521472.191452
521472.199852
521472.208252
521472.216652
521472.225052
521472.233452
521472.241852
521472.250252
521472.258652
521472.267052
521472.275452
521472.283852
521472.292252
521472.300652
521472.317452
521472.334252
521472.342652
521472.351052
521472.359452
521472.367852
521472.376252
521472.384652
521472.393052
521472.401452
521472.409852
521472.418252
521472.426652
521472.435052
521472.443452
521472.451852
521472.460252
521472.468652
521472.477052
521472.485452
521472.493852
521472.502252
521472.510652
521472.519052
521472.527452
521472.535852
521472.544252
521472.552652
521472.561052
521472.569452
521472.577852
521472.586252
521472.594652
521472.611452
521472.619852
521472.628252
521472.636652
521472.645052
521472.653452
521472.687052
521472.695452
521472.703852
521472.712252
521472.720652
521472.729052
521472.737452
521472.745852
521472.754252
521472.762652
521472.771052
521472.779452
521472.787852
521472.796252
521472.804652
521472.813052
521472.821452
521472.829852
521472.838252
521472.846652
521472.855052
521472.863452
521472.871852
521472.880252
521472.888652
521472.897052
521472.905452
521472.913852
521472.922252
521472.930652
521472.939052
521472.947452
521472.955852
521472.964252
521472.972652
521472.981052
521472.989452
521472.997852
521473.006252
521473.014652
521473.023052
521473.031452
521473.039852
521473.048252
521473.056652
521473.065052
521473.073452
521473.081852
521473.090252
521473.098652
521473.107052
521473.115452
521473.123852
521473.132252
521473.140652
521473.149052
521473.157452
521473.165852
521473.174252
521473.182652
521473.191052
521473.199452
521473.207852
521473.216252
521473.224652
521473.233052
521473.241452
521473.249852
521473.258252
521473.266652
521473.275052
521473.283452
521473.291852
521473.300252
521473.308652
521473.317052
521473.325452
521473.333852
521473.342252
521473.350652
521473.359052
521473.367452
521473.375852
521473.384252
521473.392652
521473.401052
521473.409452
521473.417852
521473.426252
521473.434652
521473.443052
521473.451452
521473.459852
521473.468252
521473.476652
521473.485052
521473.493452
521473.501852
521473.510252
521473.518652
521473.527052
521473.535452
521473.543852
521473.552252
521473.560652
521473.569052
521473.577452
521473.585852
521473.594252
521473.602652
521473.611052
521473.619452
521473.627852
521473.636252
521473.644652
521473.653052
521473.661452
521473.669852
521473.678252
521473.686652
521473.695052
521473.703452
521473.711852
521473.720252
521473.728652
521473.737052
521473.745452
521473.753852
521473.762252
521473.770652
521473.779052
521473.787452
521473.795852
521473.804252
521473.812652
521473.821052
521473.829452
521473.837852
521473.846252
521473.854652
521473.863052
521473.871452
521473.879852
521473.888252
521473.896652
521473.905052
521473.913452
521473.921852
521473.930252
521473.938652
521473.947052
521473.955452
521473.963852
521473.972252
521473.980652
521473.989052
521473.997452
521474.005852
521474.014252
521474.022652
521474.031052
521474.039452
521474.047852
521474.056252
521474.064652
521474.073052
521474.081452
521474.089852
521474.098252
521474.106652
521474.115052
521474.123452
521474.131852
521474.140252
521474.148652
521474.157052
521474.165452
521474.173852
521474.182252
521474.190652
521474.199052
521474.207452
521474.215852
521474.224252
521474.232652
521474.241052
521474.249452
521474.257852
521474.266252
521474.274652
521474.283052
521474.291452
521474.299852
521474.308252
521474.316652
521474.325052
521474.333452
521474.341852
521474.350252
521474.358652
521474.367052
521474.375452
521474.383852
521474.392252
521474.400652
521474.409052
521474.417452
521474.425852
521474.434252
521474.442652
521474.451052
521474.459452
521474.467852
521474.476252
521474.484652
521474.493052
521474.501452
521474.509852
521474.518252
521474.526652
521474.535052
521474.543452
521474.551852
521474.560252
521474.568652
521474.577052
521474.585452
521474.593852
521474.602252
521474.610652
521474.619052
521474.627452
521474.635852
521474.644252
521474.652652
521474.661052
521474.669452
521474.677852
521474.686252
521474.694652
521474.703052
521474.711452
521474.728252
521474.736652
521474.745052
521474.753452
521474.761852
521474.770252
521474.778652
521474.787052
521474.795452
521474.803852
521474.812252
521474.820652
521474.829052
521474.837452
521474.845852
521474.854252
521474.862652
521474.871052
521474.879452
521474.887852
521474.896252
521474.904652
521474.921452
521474.929852
521474.938252
521474.955052
521474.963452
521474.971852
521474.980252
521474.988652
521474.997052
521475.005452
521475.013852
521475.022252
521475.039052
521475.047452
521475.055852
521475.064252
521475.072652
521475.081052
521475.097852
521475.106252
521475.114652
521475.123052
521475.131452
521475.139852
521475.148252
521475.156652
521475.165052
521475.173452
521475.181852
521475.190252
521475.198652
521475.207052
521475.215452
521475.223852
521475.232252
521475.240652
521475.249052
521475.257452
521475.265852
521475.274252
521475.282652
521475.291052
521475.299452
521475.307852
521475.316252
521475.324652
521475.333052
521475.341452
521475.349852
521475.358252
521475.366652
521475.375052
521475.383452
521475.391852
521475.400252
521475.408652
521475.417052
521475.425452
521475.433852
521475.442252
521475.450652
521475.459052
521475.467452
521475.475852
521475.484252
521475.492652
521475.501052
521475.509452
521475.517852
521475.526252
521475.534652
521475.543052
521475.551452
521475.559852
521475.568252
521475.576652
521475.585052
521475.593452
521475.601852
521475.610252
521475.618652
521475.627052
521475.635452
521475.643852
521475.652252
521475.660652
521475.669052
521475.677452
521475.685852
521475.694252
521475.702652
521475.711052
521475.719452
521475.727852
521475.736252
521475.744652
521475.753052
521475.761452
521475.769852
521475.778252
521475.786652
521475.795052
521475.803452
521475.811852
521475.820252
521475.828652
521475.837052
521475.845452
521475.853852
521475.862252
521475.870652
521475.879052
521475.887452
521475.895852
521475.904252
521475.912652
521475.921052
521475.929452
521475.937852
521475.946252
521475.954652
521475.963052
521475.971452
521475.979852
521475.988252
521475.996652
521476.005052
521476.013452
521476.021852
521476.030252
521476.038652
521476.047052
521476.055452
521476.063852
521476.072252
521476.080652
521476.089052
521476.097452
521476.105852
521476.114252
521476.122652
521476.131052
521476.139452
521476.147852
521476.156252
521476.164652
521476.173052
521476.181452
521476.189852
521476.198252
