521447.662997
521447.646652
521447.671397
521447.655052
521447.679797
521447.663452
521447.688197
521447.671852
521447.696597
521447.680252
521447.704997
521447.688652
521447.713397
521447.721797
521447.697052
521447.730197
521447.705452
521447.738597
521447.713852
521447.746997
521447.722252
521447.730652
521447.755397
521447.739052
521447.763797
521447.747452
521447.772197
521447.755852
521447.780597
521447.764252
521447.788997
521447.772652
521447.797397
521447.781052
521447.805797
521447.789452
521447.814197
521447.797852
521447.822597
521447.806252
521447.830997
521447.814652
521447.839397
521447.823052
521447.847797
521447.831452
521447.856197
521447.839852
521447.864597
521447.848252
521447.872997
521447.856652
521447.881397
521447.865052
521447.889797
521447.873452
521447.898197
521447.881852
521447.906597
521447.890252
521447.914997
521447.898652
521447.923397
521447.907052
521447.931797
521447.915452
521447.940197
521447.923852
521447.948597
521447.932252
521447.956997
521447.940652
521447.965397
521447.949052
521447.973797
521447.957452
521447.982197
521447.965852
521447.990597
521447.974252
521447.998997
521447.982652
521448.007397
521447.991052
521448.015797
521447.999452
521448.024197
521448.007852
521448.032597
521448.016252
521448.040997
521448.024652
521448.049397
521448.033052
521448.057797
521448.041452
521448.05802450003
521448.0622245
521448.06642449996
521448.074597
521448.082997
521448.066652
521448.091397
521448.075052
521448.099797
521448.083452
521448.108197
521448.091852
521448.116597
521448.100252
521448.124997
521448.108652
521448.133397
521448.117052
521448.141797
521448.125452
521448.150197
521448.133852
521448.158597
521448.142252
521448.166997
521448.150652
521448.175397
521448.159052
521448.183797
521448.167452
521448.192197
521448.175852
521448.200597
521448.184252
521448.208997
521448.192652
521448.2092245
521448.21342449996
521448.2176245
521448.2218245
521448.2260245
521448.2302245
521448.2344245
521448.2386245
521448.24282449996
521448.24702450004
521448.2512245
521448.2554245
521448.2596245
521448.2638245
521448.2680245
521448.27222449996
521448.2764245
521448.2806245
521448.2848245
521448.2890245
521448.2932245
521448.2974245
521448.30162449996
521448.30582450004
521448.3100245
521448.3142245
521448.3184245
521448.3226245
521448.3268245
521448.33102449996
521448.33522450004
521448.3394245
521448.3436245
521448.3478245
521448.3520245
521448.3562245
521448.36042449996
521448.36462450004
521448.3688245
521448.3730245
521448.3772245
521448.3814245
521448.3856245
521448.38982449996
521448.39402450004
521448.3982245
521448.4024245
521448.4066245
521448.4108245
521448.4150245
521448.41922449996
521448.42342450004
521448.4276245
521448.4318245
521448.4360245
521448.4402245
521448.4444245
521448.44862449996
521448.45282450004
521448.4570245
521448.4612245
521448.4654245
521448.4696245
521448.4738245
521448.4780245
521448.48222450004
521448.4864245
521448.4906245
521448.4948245
521448.4990245
521448.5032245
521448.50742449996
521448.51162450004
521448.5158245
521448.5200245
521448.5242245
521448.5284245
521448.5326245
521448.5368245
521448.54102450004
521448.5452245
521448.5494245
521448.5536245
521448.5578245
521448.5620245
521448.56622449995
521448.57042450004
521448.5746245
521448.5788245
521448.5830245
521448.5872245
521448.5914245
521448.5956245
521448.59982450004
521448.6040245
521448.612197
521448.620597
521448.604252
521448.6208245
521448.62502449995
521448.62922450004
521448.6334245
521448.63762449997
521448.6418245
521448.6460245
521448.6502245
521448.6544245
521448.65862450004
521448.6628245
521448.66702449997
521448.6712245
521448.6754245
521448.6796245
521448.68382449995
521448.68802450004
521448.6922245
521448.69642449997
521448.7006245
521448.7048245
521448.7090245
521448.7132245
521448.71742450004
521448.7216245
521448.72582449997
521448.7300245
521448.7342245
521448.7384245
521448.74262449995
521448.74682450003
521448.7510245
521448.75522449997
521448.7594245
521448.7636245
521448.7678245
521448.7720245
521448.77622450003
521448.7804245
521448.78462449997
521448.7888245
521448.7930245
521448.7972245
521448.8014245
521448.80562450003
521448.8098245
521448.81402449997
521448.8182245
521448.8224245
521448.8266245
521448.8308245
521448.83502450003
521448.8392245
521448.84342449997
521448.8476245
521448.8518245
521448.8560245
521448.8602245
521448.86442450003
521448.8686245
521448.87282449997
521448.8770245
521448.8812245
521448.8854245
521448.8896245
521448.89382450003
521448.8980245
521448.90222449997
521448.9064245
521448.9106245
521448.9148245
521448.9190245
521448.92322450003
521448.9274245
521448.93162449996
521448.93582450005
521448.9400245
521448.9442245
521448.9484245
521448.95262450003
521448.9568245
521448.96102449996
521448.9652245
521448.9694245
521448.9736245
521448.9778245
521448.982252
521448.9862245
521448.99042449996
521448.99462450005
521448.9988245
521449.0030245
521449.0072245
521449.01142450003
521449.0156245
521449.01982449996
521449.0240245
521449.032197
521449.040597
521449.048997
521449.024252
521449.032652
521449.057397
521449.065797
521449.041052
521449.049452
521449.074197
521449.057852
521449.082597
521449.066252
521449.090997
521449.074652
521449.099397
521449.083052
521449.107797
521449.091452
521449.116197
521449.099852
521449.124597
521449.132997
521449.108252
521449.116652
521449.1332245
521449.13742449996
521449.1416245
521449.149797
521449.158197
521449.166597
521449.141852
521449.174997
521449.150252
521449.158652
521449.183397
521449.167052
521449.191797
521449.175452
521449.1920245
521449.19622449996
521449.20042450004
521449.208597
521449.2088245
521449.2130245
521449.2172245
521449.2214245
521449.22562449996
521449.233797
521449.242197
521449.225852
521449.2424245
521449.2466245
521449.2508245
521449.25502449996
521449.25922450004
521449.2634245
521449.2676245
521449.2718245
521449.2760245
521449.2802245
521449.28442449996
521449.28862450004
521449.2928245
521449.2970245
521449.3012245
521449.3054245
521449.3096245
521449.31382449996
521449.31802450004
521449.326197
521449.334597
521449.318252
521449.342997
521449.326652
521449.3432245
521449.34742450004
521449.3516245
521449.3558245
521449.3600245
521449.3642245
521449.3684245
521449.37262449996
521449.37682450004
521449.3810245
521449.3852245
521449.3894245
521449.3936245
521449.3978245
521449.4020245
521449.40622450004
521449.4104245
521449.418597
521449.4188245
521449.4230245
521449.4272245
521449.43142449996
521449.43562450004
521449.4398245
521449.4440245
521449.4482245
521449.4524245
521449.4566245
521449.4608245
521449.46502450004
521449.4692245
521449.477397
521449.4776245
521449.4818245
521449.4860245
521449.49022449995
521449.49442450004
521449.502597
521449.510997
521449.494652
521449.5112245
521449.5154245
521449.5196245
521449.52382450004
521449.5280245
521449.53222449997
521449.5364245
521449.544597
521449.5448245
521449.54902449995
521449.55322450004
521449.5574245
521449.56162449997
521449.5658245
521449.5700245
521449.578197
521449.5784245
521449.58262450004
521449.5868245
521449.594997
521449.5952245
521449.5994245
521449.6036245
521449.611797
521449.620197
521449.603852
521449.628597
521449.62462450005
521449.6288245
521449.6330245
521449.6372245
521449.645397
521449.653797
521449.637452
521449.6540245
521449.6582245
521449.6624245
521449.670597
521449.67082450003
521449.6750245
521449.67922449997
521449.6834245
521449.6876245
521449.6918245
521449.6960245
521449.70022450003
521449.7044245
521449.70862449997
521449.7128245
521449.7170245
521449.7212245
521449.729397
521449.72962450003
521449.7338245
521449.73802449997
521449.7422245
521449.746652
521449.7506245
521449.75902450003
521449.763452
521449.76742449997
521449.7716245
521449.7758245
521449.788652
521449.822252
521449.830652
521449.855852
521449.864252
521449.872652
521449.889452
521449.906252
521449.914652
521449.923052
521449.931452
521449.779797
521449.939852
521449.796597
521449.948252
521449.804997
521449.956652
521449.813397
521449.965052
521449.821797
521449.830197
521449.973452
521449.981852
521449.838597
521449.846997
521449.990252
521449.855397
521450.007052
521449.863797
521449.872197
521449.880597
521450.015452
521450.023852
521450.032252
521449.888997
521450.040652
521449.897397
521450.049052
521449.905797
521449.914197
521450.057452
521450.065852
521449.922597
521450.074252
521450.082652
521449.930997
521450.091052
521449.939397
521450.099452
521449.947797
521449.956197
521450.107852
521450.116252
521449.964597
521450.124652
521449.972997
521450.133052
521449.981397
521450.141452
521449.989797
521450.149852
521449.998197
521450.158252
521450.006597
521450.166652
521450.014997
521450.175052
521450.023397
521450.183452
521450.031797
521450.191852
521450.040197
521450.200252
521450.048597
521450.056997
521450.208652
521450.065397
521450.225452
521450.073797
521450.233852
521450.090597
521450.242252
521450.098997
521450.250652
521450.259052
521450.107397
521450.115797
521450.267452
521450.124197
521450.275852
521450.132597
521450.284252
521450.140997
521450.292652
521450.149397
521450.301052
521450.157797
521450.166197
521450.309452
521450.317852
521450.174597
521450.326252
521450.182997
521450.191397
521450.334652
521450.199797
521450.343052
521450.351452
521450.208197
521450.216597
521450.359852
521450.224997
521450.233397
521450.368252
521450.241797
521450.385052
521450.250197
521450.393452
521450.258597
521450.266997
521450.418652
521450.275397
521450.283797
521450.435452
521450.292197
521450.443852
521450.300597
521450.452252
521450.460652
521450.308997
521450.469052
521450.477452
521450.317397
521450.485852
521450.494252
521450.502652
521450.511052
521450.325797
521450.334197
521450.519452
521450.527852
521450.342597
521450.536252
521450.359397
521450.367797
521450.376197
521450.384597
521450.392997
521450.401397
521450.544652
521450.561452
521450.569852
521450.578252
521450.595052
521450.603452
521450.409797
521450.426597
521450.451797
521450.611852
521450.620252
521450.468597
521450.485397
521450.493797
521450.502197
521450.510597
521450.527397
521450.535797
521450.544197
521450.552597
521450.560997
521450.569397
521450.577797
521450.586197
521450.594597
521450.602997
521450.611397
521450.619797
521450.628197
521450.636597
521450.644997
521450.653397
521450.661797
521450.670197
521450.678597
521450.628652
521450.686997
521450.637052
521450.695397
521450.662252
521450.703797
521450.670652
521450.712197
521450.687452
521450.720597
521450.728997
521450.695852
521450.737397
521450.704252
521450.745797
521450.712652
521450.754197
521450.721052
521450.762597
521450.729452
521450.770997
521450.779397
521450.737852
521450.787797
521450.746252
521450.796197
521450.763052
521450.804597
521450.771452
521450.779852
521450.812997
521450.788252
521450.821397
521450.829797
521450.805052
521450.838197
521450.813452
521450.846597
521450.830252
521450.854997
521450.838652
521450.863397
521450.871797
521450.847052
521450.855452
521450.880197
521450.863852
521450.888597
521450.872252
521450.896997
521450.905397
521450.880652
521450.889052
521450.913797
521450.897452
521450.922197
521450.905852
521450.930597
521450.914252
521450.938997
521450.922652
521450.947397
521450.931052
521450.955797
521450.939452
521450.964197
521450.972597
521450.947852
521450.980997
521450.956252
521450.989397
521450.964652
521450.997797
521450.973052
521451.006197
521450.981452
521451.014597
521450.989852
521451.022997
521450.998252
521451.006652
521451.015052
521451.023452
521451.031852
521451.040252
521451.048652
521451.057052
521451.065452
521451.073852
521451.082252
521451.090652
521451.099052
521451.107452
521451.115852
521451.07782450004
521451.039797
521451.048197
521451.056597
521451.064997
521451.073397
521451.081797
521451.090197
521451.098597
521451.106997
521451.115397
521451.123797
521451.1282245
521451.1324245
521451.140597
521451.148997
521451.157397
521451.165797
521451.132652
521451.141052
521451.174197
521451.157852
521451.182597
521451.166252
521451.190997
521451.174652
521451.199397
521451.183052
521451.207797
521451.191452
521451.216197
521451.199852
521451.224597
521451.232997
521451.208252
521451.216652
521451.241397
521451.225052
521451.249797
521451.233452
521451.258197
521451.241852
521451.266597
521451.250252
521451.274997
521451.258652
521451.283397
521451.267052
521451.291797
521451.275452
521451.300197
521451.283852
521451.308597
521451.292252
521451.316997
521451.300652
521451.325397
521451.309052
521451.333797
521451.317452
521451.342197
521451.325852
521451.350597
521451.334252
521451.358997
521451.342652
521451.367397
521451.351052
521451.375797
521451.359452
521451.384197
521451.367852
521451.392597
521451.376252
521451.400997
521451.384652
521451.409397
521451.393052
521451.417797
521451.401452
521451.426197
521451.409852
521451.434597
521451.418252
521451.442997
521451.426652
521451.451397
521451.435052
521451.459797
521451.443452
521451.468197
521451.451852
521451.476597
521451.460252
521451.484997
521451.468652
521451.493397
521451.477052
521451.501797
521451.485452
521451.510197
521451.493852
521451.518597
521451.502252
521451.526997
521451.510652
521451.535397
521451.519052
521451.543797
521451.527452
521451.552197
521451.535852
521451.544252
521451.55662449996
521451.5608245
521451.577397
521451.561052
521451.585797
521451.569452
521451.594197
521451.577852
521451.586252
521451.602597
521451.594652
521451.627797
521451.603052
521451.636197
521451.644597
521451.611452
521451.652997
521451.619852
521451.661397
521451.628252
521451.636652
521451.669797
521451.645052
521451.678197
521451.653452
521451.686597
521451.661852
521451.694997
521451.670252
521451.703397
521451.678652
521451.711797
521451.695452
521451.720197
521451.703852
521451.728597
521451.736997
521451.712252
521451.720652
521451.745397
521451.729052
521451.753797
521451.737452
521451.770597
521451.745852
521451.778997
521451.787397
521451.754252
521451.795797
521451.762652
521451.812597
521451.771052
521451.820997
521451.779452
521451.829397
521451.787852
521451.837797
521451.796252
521451.846197
521451.804652
521451.821452
521451.854597
521451.829852
521451.862997
521451.838252
521451.879797
521451.846652
521451.888197
521451.863452
521451.896597
521451.871852
521451.888652
521451.897052
521451.9052245
521451.921797
521451.905452
521451.913852
521451.9262245
521451.9304245
521451.938597
521451.930652
521451.939052
521451.946997
521451.947452
521451.955852
521451.9640245
521451.980597
521451.964252
521451.988997
521451.972652
521451.981052
521451.989452
521451.9976245
521452.014197
521451.997852
521452.022597
521452.006252
521452.030997
521452.014652
521452.023052
521452.039397
521452.047797
521452.031452
521452.056197
521452.039852
521452.064597
521452.048252
521452.072997
521452.056652
521452.081397
521452.065052
521452.089797
521452.073452
521452.098197
521452.081852
521452.106597
521452.090252
521452.114997
521452.098652
521452.123397
521452.107052
521452.131797
521452.115452
521452.140197
521452.123852
521452.148597
521452.132252
521452.156997
521452.140652
521452.165397
521452.149052
521452.173797
521452.157452
521452.182197
521452.165852
521452.190597
521452.174252
521452.182652
521452.1950245
521452.1992245
521452.207397
521452.215797
521452.199452
521452.224197
521452.207852
521452.232597
521452.216252
521452.240997
521452.224652
521452.249397
521452.233052
521452.257797
521452.241452
521452.266197
521452.249852
521452.274597
521452.258252
521452.282997
521452.266652
521452.291397
521452.275052
521452.299797
521452.283452
521452.308197
521452.291852
521452.316597
521452.300252
521452.324997
521452.308652
521452.333397
521452.317052
521452.341797
521452.325452
521452.350197
521452.333852
521452.358597
521452.342252
521452.366997
521452.350652
521452.375397
521452.359052
521452.383797
521452.367452
521452.392197
521452.375852
521452.400597
521452.384252
521452.408997
521452.392652
521452.417397
521452.401052
521452.409452
521452.425797
521452.417852
521452.426252
521452.442597
521452.434652
521452.443052
521452.451452
521452.450997
521452.459852
521452.468252
521452.476652
521452.485052
521452.493452
521452.501852
521452.510252
521452.518652
521452.527052
521452.535452
521452.543852
521452.552252
521452.560652
521452.569052
521452.577452
521452.594252
521452.602652
521452.611052
521452.619452
521452.627852
521452.636252
521452.484597
521452.644652
521452.509797
521452.653052
521452.518197
521452.526597
521452.534997
521452.543397
521452.669852
521452.678252
521452.686652
521452.695052
521452.703452
521452.551797
521452.560197
521452.568597
521452.576997
521452.585397
521452.593797
521452.602197
521452.610597
521452.618997
521452.627397
521452.644197
521452.652597
521452.711852
521452.720252
521452.728652
521452.737052
521452.745452
521452.753852
521452.762252
521452.770652
521452.779052
521452.787452
521452.795852
521452.804252
521452.812652
521452.821052
521452.829452
521452.660997
521452.669397
521452.677797
521452.686197
521452.837852
521452.846252
521452.854652
521452.863052
521452.694597
521452.719797
521452.728197
521452.736597
521452.753397
521452.761797
521452.770197
521452.778597
521452.786997
521452.795397
521452.803797
521452.812197
521452.820597
521452.828997
521452.837397
521452.845797
521452.854197
521452.862597
521452.870997
521452.879397
521452.887797
521452.896197
521452.904597
521452.912997
521452.921397
521452.871452
521452.929797
521452.879852
521452.938197
521452.888252
521452.946597
521452.896652
521452.954997
521452.905052
521452.963397
521452.971797
521452.913452
521452.980197
521452.930252
521452.988597
521452.996997
521452.938652
521452.947052
521453.013797
521452.963852
521452.972252
521453.022197
521452.997452
521453.030597
521453.005852
521453.038997
521453.014252
521453.047397
521453.022652
521453.039452
521453.055797
521453.064197
521453.047852
521453.056252
521453.080997
521453.064652
521453.089397
521453.073052
521453.097797
521453.081452
521453.106197
521453.089852
521453.114597
521453.098252
521453.122997
521453.131397
521453.106652
521453.115052
521453.139797
521453.123452
521453.148197
521453.131852
521453.156597
521453.140252
521453.148652
521453.157052
521453.165452
521453.173852
521453.182252
521453.190652
521453.199052
521453.207452
521453.215852
521453.224252
521453.241052
521453.249452
521453.257852
521453.266252
521453.2240245
521453.181797
521453.2366245
521453.2408245
521453.206997
521453.24922450003
521453.223797
521453.232197
521453.240597
521453.257397
521453.265797
521453.290997
521453.2954245
521453.291452
521453.308252
521453.316652
521453.325052
521453.333452
521453.341852
521453.350252
521453.367052
521453.375452
521453.383852
521453.392252
521453.409052
521453.417452
521453.425852
521453.442652
521453.459452
521453.307797
521453.324597
521453.467852
521453.476252
521453.332997
521453.484652
521453.493052
521453.341397
521453.349797
521453.358197
521453.43402449996
521453.4382245
521453.383397
521453.391797
521453.400197
521453.408597
521453.416997
521453.4676245
521453.442197
521453.450597
521453.458997
521453.475797
521453.500997
521453.509397
521453.517797
521453.501452
521453.526197
521453.509852
521453.518252
521453.526652
521453.5432245
521453.5474245
521453.55162449996
521453.55582450004
521453.5600245
521453.5642245
521453.5684245
521453.5726245
521453.5768245
521453.58102449996
521453.58522450004
521453.5894245
521453.5936245
521453.5978245
521453.6020245
521453.6062245
521453.61042449996
521453.61462450004
521453.6188245
521453.6230245
521453.6272245
521453.6314245
521453.6356245
521453.63982449996
521453.64402450004
521453.6482245
521453.6524245
521453.6566245
521453.6608245
521453.6650245
521453.66922449996
521453.67342450004
521453.6776245
521453.6818245
521453.6860245
521453.6902245
521453.6944245
521453.69862449996
521453.70282450004
521453.7070245
521453.7112245
521453.719397
521453.727797
521453.7238245
521453.7280245
521453.73222450004
521453.7364245
521453.7406245
521453.7448245
521453.761397
521453.769797
521453.7616245
521453.7658245
521453.7700245
521453.770252
521453.787052
521453.795452
521453.812252
521453.820652
521453.829052
521453.837452
521453.8120245
521453.8162245
521453.794997
521453.8246245
521453.8288245
521453.8330245
521453.8372245
521453.836997
521453.8456245
521453.84982450004
521453.8540245
521453.85822449997
521453.8624245
521453.8708245
521453.87922450004
521453.8834245
521453.88762449997
521453.8918245
521453.8960245
521453.904197
521453.9044245
521453.90862450004
521453.9128245
521453.91702449997
521453.9212245
521453.9254245
521453.9296245
521453.93382449995
521453.93802450004
521453.946197
521453.94642449997
521453.9506245
521453.9548245
521453.96742450004
521453.9716245
521453.97582449997
521453.9800245
521453.9842245
521453.9884245
521454.0010245
521454.00522449997
521454.0094245
521454.0136245
521454.0178245
521454.0220245
521454.02622450003
521454.03882450005
521454.0472245
521454.0514245
521454.05562450003
521454.0598245
521454.06402449997
521454.0682245
521454.0766245
521454.0808245
521454.08502450003
521454.0892245
521454.09342449997
521454.0976245
521454.1018245
521454.1060245
521454.1102245
521454.11442450003
521454.1186245
521454.12282449997
521454.1270245
521454.1312245
521454.1354245
521454.1396245
521454.14382450003
521454.1480245
521454.15222449997
521454.1564245
521454.1606245
521454.1648245
521454.1690245
521454.17322450003
521454.1774245
521454.18162449996
521454.18582450005
521454.1900245
521454.1942245
521454.1984245
521454.20262450003
521454.2068245
521454.21102449996
521454.2152245
521454.2194245
521454.2236245
521454.2278245
521454.23202450003
521454.2362245
521454.24042449996
521454.24462450005
521454.2488245
521454.2530245
521454.2572245
521454.26142450003
521454.2656245
521454.26982449996
521454.2740245
521454.2782245
521454.2824245
521454.2866245
521454.2908245
521454.2950245
521454.29922449996
521454.30342450005
521454.3076245
521454.3118245
521454.3160245
521454.3202245
521454.3244245
521454.32862449996
521454.3328245
521454.3370245
521454.3412245
521454.3454245
521454.3496245
521454.3538245
521454.35802449996
521454.36222450004
521454.3664245
521454.3706245
521454.3748245
521454.3790245
521454.3832245
521454.38742449996
521454.3916245
521454.3958245
521454.4000245
521454.4042245
521454.4084245
521454.4126245
521454.41682449996
521454.42102450004
521454.4252245
521454.4294245
521454.4336245
521454.4378245
521454.4420245
521454.44622449996
521454.45042450004
521454.4546245
521454.4588245
521454.4630245
521454.4672245
521454.4714245
521454.47562449996
521454.47982450004
521454.4840245
521454.4882245
521454.4924245
521454.4966245
521454.5008245
521454.50502449996
521454.50922450004
521454.5134245
521454.5176245
521454.5218245
521454.5260245
521454.5302245
521454.53442449996
521454.53862450004
521454.5428245
521454.5470245
521454.5512245
521454.5554245
521454.5596245
521454.56382449996
521454.56802450004
521454.5722245
521454.5764245
521454.5806245
521454.5848245
521454.5890245
521454.5932245
521454.59742450004
521454.6016245
521454.6058245
521454.6100245
521454.6142245
521454.6184245
521454.62262449996
521454.62682450004
521454.6310245
521454.6352245
521454.6394245
521454.6436245
521454.6478245
521454.6520245
521454.65622450004
521454.6604245
521454.6646245
521454.6688245
521454.6730245
521454.6772245
521454.68142449996
521454.68562450004
521454.6898245
521454.6940245
521454.6982245
521454.7024245
521454.7066245
521454.7108245
521454.71502450004
521454.7192245
521454.72342449997
521454.7276245
521454.7318245
521454.7360245
521454.74022449995
521454.74442450004
521454.7486245
521454.75282449997
521454.7570245
521454.7612245
521454.7654245
521454.769852
521454.778252
521454.7780245
521454.78222449997
521454.7864245
521454.7906245
521454.7948245
521454.79902449995
521454.80322450004
521454.8074245
521454.811852
521454.8158245
521454.8200245
521454.8242245
521454.8284245
521454.83262450004
521454.8368245
521454.84102449997
521454.8452245
521454.8494245
521454.8536245
521454.85782449995
521454.86202450003
521454.8662245
521454.87042449997
521454.8746245
521454.8788245
521454.8830245
521454.8872245
521454.89142450003
521454.8956245
521454.89982449997
521454.904252
521454.9082245
521454.9124245
521454.9166245
521454.92082450003
521454.9250245
521454.929452
521454.937852
521454.9376245
521454.9418245
521454.9460245
521454.95022450003
521454.9544245
521454.95862449997
521454.9628245
521454.9670245
521454.9712245
521454.9754245
521454.97962450003
521454.9838245
521454.98802449997
521454.9922245
521454.9964245
521455.0006245
521455.0048245
521455.00902450003
521455.0132245
521455.01742449997
521455.0216245
521455.0258245
521455.0300245
521455.0342245
521455.03842450003
521455.0426245
521455.04682449996
521455.05102450005
521455.0552245
521455.0594245
521455.0636245
521455.06782450003
521455.0720245
521455.07622449996
521455.0804245
521455.0846245
521455.0888245
521455.0930245
521455.09722450003
521455.1014245
521455.10562449996
521455.10982450005
521455.1140245
521455.1182245
521455.1224245
521455.12662450003
521455.1308245
521455.13502449996
521455.1392245
521455.1434245
521455.1476245
521455.1518245
521455.15602450003
521455.1602245
521455.16442449996
521455.16862450005
521455.1728245
521455.1770245
521455.1812245
521455.1854245
521455.1896245
521455.19382449996
521455.1980245
521455.2022245
521455.2064245
521455.2106245
521455.2148245
521455.2190245
521455.22322449996
521455.22742450004
521455.2316245
521455.2358245
521455.2400245
521455.2442245
521455.2484245
521455.25262449996
521455.2568245
521455.2610245
521455.2652245
521455.2694245
521455.2736245
521455.2778245
521455.28202449996
521455.28622450004
521455.2904245
521455.2946245
521455.2988245
521455.3030245
521455.3072245
521455.31142449996
521455.31562450004
521455.3198245
521455.3240245
521455.3282245
521455.3324245
521455.3366245
521455.34082449996
521455.34502450004
521455.3492245
521455.3534245
521455.3576245
521455.3618245
521455.3660245
521455.37022449996
521455.37442450004
521455.3786245
521455.3828245
521455.3870245
521455.3912245
521455.3954245
521455.39962449996
521455.40382450004
521455.4080245
521455.4122245
521455.4164245
521455.4206245
521455.4248245
521455.42902449996
521455.43322450004
521455.4374245
521455.4416245
521455.4458245
521455.4500245
521455.4542245
521455.4584245
521455.46262450004
521455.4668245
521455.4710245
521455.4752245
521455.4794245
521455.4836245
521455.48782449996
521455.49202450004
521455.4962245
521455.5004245
521455.5046245
521455.5088245
521455.5130245
521455.5172245
521455.52142450004
521455.5256245
521455.5298245
521455.5340245
521455.5382245
521455.5424245
521455.54662449996
521455.55082450004
521455.5550245
521455.5592245
521455.5634245
521455.5676245
521455.5718245
521455.5760245
521455.58022450004
521455.5844245
521455.5886245
521455.5928245
521455.5970245
521455.6012245
521455.60542449995
521455.60962450004
521455.6138245
521455.61802449997
521455.6222245
521455.6264245
521455.6306245
521455.6348245
521455.63902450004
521455.6432245
521455.64742449997
521455.6516245
521455.6558245
521455.6600245
521455.66422449995
521455.66842450004
521455.6726245
521455.67682449997
521455.6810245
521455.6852245
521455.6894245
521455.6936245
521455.69782450004
521455.7020245
521455.70622449997
521455.7104245
521455.7146245
521455.7188245
521455.72302449995
521455.72722450003
521455.7314245
521455.73562449997
521455.7398245
521455.7440245
521455.7482245
521455.7524245
521455.75662450003
521455.7608245
521455.76502449997
521455.7692245
521455.7734245
521455.7776245
521455.7818245
521455.78602450003
521455.7902245
521455.79442449997
521455.7986245
521455.8028245
521455.8070245
521455.8112245
521455.81542450003
521455.8196245
521455.82382449997
521455.8280245
521455.8322245
521455.8364245
521455.8406245
521455.84482450003
521455.8490245
521455.85322449997
521455.8574245
521455.8616245
521455.8658245
521455.8700245
521455.87422450003
521455.8784245
521455.88262449997
521455.8868245
521455.8910245
521455.8952245
521455.8994245
521455.90362450003
521455.9078245
521455.91202449996
521455.91622450005
521455.9204245
521455.9246245
521455.9288245
521455.93302450003
521455.9372245
521455.94142449996
521455.9456245
521455.9498245
521455.9540245
521455.9582245
521455.96242450003
521455.9666245
521455.97082449996
521455.97502450005
521455.9792245
521455.9834245
521455.9876245
521455.99182450003
521455.9960245
521456.00022449996
521456.0044245
521456.0086245
521456.0128245
521456.0170245
521456.02122450003
521456.0254245
521456.02962449996
521456.03382450005
521456.0380245
521456.0422245
521456.0464245
521456.054597
521456.0548245
521456.05902449996
521456.0632245
521456.071397
521456.079797
521456.063452
521456.088197
521456.096597
521456.071852
521456.104997
521456.113397
521456.080252
521456.121797
521456.088652
521456.130197
521456.097052
521456.138597
521456.105452
521456.146997
521456.113852
521456.155397
521456.122252
521456.163797
521456.130652
521456.172197
521456.139052
521456.180597
521456.147452
521456.188997
521456.155852
521456.197397
521456.172652
521456.181052
521456.189452
521456.197852
521456.214652
521456.223052
521456.231452
521456.239852
521456.248252
521456.256652
521456.265052
521456.273452
521456.281852
521456.290252
521456.298652
521456.315452
521456.323852
521456.332252
521456.340652
521456.205797
521456.349052
521456.214197
521456.357452
521456.365852
521456.222597
521456.374252
521456.230997
521456.239397
521456.247797
521456.256197
521456.264597
521456.272997
521456.382652
521456.391052
521456.399452
521456.407852
521456.416252
521456.281397
521456.289797
521456.298197
521456.424652
521456.433052
521456.306597
521456.314997
521456.323397
521456.449852
521456.458252
521456.475052
521456.331797
521456.483452
521456.340197
521456.348597
521456.356997
521456.365397
521456.373797
521456.491852
521456.508652
521456.525452
521456.382197
521456.390597
521456.533852
521456.550652
521456.398997
521456.559052
521456.407397
521456.567452
521456.415797
521456.424197
521456.432597
521456.440997
521456.449397
521456.575852
521456.592652
521456.601052
521456.457797
521456.609452
521456.466197
521456.474597
521456.482997
521456.491397
521456.499797
521456.617852
521456.643052
521456.651452
521456.508197
521456.659852
521456.668252
521456.516597
521456.524997
521456.676652
521456.693452
521456.533397
521456.541797
521456.550197
521456.558597
521456.701852
521456.710252
521456.566997
521456.575397
521456.592197
521456.600597
521456.727052
521456.735452
521456.743852
521456.608997
521456.752252
521456.617397
521456.777452
521456.811052
521456.625797
521456.819452
521456.634197
521456.642597
521456.844652
521456.650997
521456.861452
521456.659397
521456.869852
521456.667797
521456.878252
521456.676197
521456.886652
521456.684597
521456.895052
521456.692997
521456.701397
521456.903452
521456.709797
521456.768597
521456.776997
521456.793797
521456.802197
521456.810597
521456.818997
521456.827397
521456.835797
521456.844197
521456.852597
521456.860997
521456.869397
521456.877797
521456.886197
521456.894597
521456.902997
521456.911397
521456.919797
521456.928197
521456.911852
521456.936597
521456.920252
521456.928652
521456.937052
521456.945452
521456.9494245
521456.95362449996
521456.95782450004
521456.9620245
521456.970197
521456.978597
521456.962252
521456.986997
521456.970652
521456.995397
521456.979052
521457.003797
521456.987452
521457.012197
521456.995852
521457.020597
521457.004252
521457.028997
521457.012652
521457.037397
521457.021052
521457.045797
521457.029452
521457.054197
521457.037852
521457.062597
521457.046252
521457.070997
521457.054652
521457.079397
521457.063052
521457.087797
521457.071452
521457.096197
521457.079852
521457.104597
521457.088252
521457.112997
521457.096652
521457.121397
521457.105052
521457.129797
521457.113452
521457.138197
521457.121852
521457.146597
521457.130252
521457.154997
521457.138652
521457.163397
521457.147052
521457.171797
521457.155452
521457.180197
521457.163852
521457.188597
521457.172252
521457.196997
521457.180652
521457.205397
521457.189052
521457.213797
521457.197452
521457.222197
521457.205852
521457.230597
521457.214252
521457.238997
521457.222652
521457.247397
521457.231052
521457.255797
521457.239452
521457.264197
521457.247852
521457.272597
521457.256252
521457.280997
521457.264652
521457.289397
521457.273052
521457.297797
521457.281452
521457.306197
521457.289852
521457.314597
521457.298252
521457.322997
521457.306652
521457.331397
521457.315052
521457.339797
521457.323452
521457.348197
521457.331852
521457.356597
521457.340252
521457.364997
521457.348652
521457.373397
521457.357052
521457.381797
521457.365452
521457.390197
521457.373852
521457.398597
521457.382252
521457.3988245
521457.4030245
521457.40722449997
521457.407452
521457.4156245
521457.432197
521457.415852
521457.4324245
521457.43662449997
521457.4408245
521457.448997
521457.457397
521457.441052
521457.4576245
521457.4618245
521457.466252
521457.4702245
521457.474197
521457.482597
521457.490997
521457.474652
521457.499397
521457.483052
521457.507797
521457.491452
521457.5080245
521457.5122245
521457.51642450003
521457.5206245
521457.52482449997
521457.5290245
521457.5332245
521457.5374245
521457.5416245
521457.54582450003
521457.5500245
521457.55422449997
521457.5584245
521457.5626245
521457.5668245
521457.5710245
521457.57522450003
521457.5794245
521457.58362449997
521457.5878245
521457.5920245
521457.5962245
521457.6004245
521457.60462450003
521457.6088245
521457.61302449997
521457.6172245
521457.6214245
521457.6256245
521457.6298245
521457.63402450003
521457.6382245
521457.64242449997
521457.64662450005
521457.6508245
521457.6550245
521457.6592245
521457.66342450003
521457.6676245
521457.67182449996
521457.6760245
521457.6802245
521457.6844245
521457.6886245
521457.69282450003
521457.6970245
521457.70122449996
521457.70542450005
521457.7096245
521457.7138245
521457.7180245
521457.72222450003
521457.7264245
521457.73062449996
521457.7348245
521457.7390245
521457.7432245
521457.7474245
521457.75162450003
521457.7558245
521457.76002449996
521457.76422450005
521457.7684245
521457.7726245
521457.7768245
521457.78102450003
521457.7852245
521457.78942449996
521457.7936245
521457.7978245
521457.8020245
521457.8062245
521457.8104245
521457.8146245
521457.81882449996
521457.82302450004
521457.8272245
521457.8314245
521457.8356245
521457.8398245
521457.8440245
521457.84822449996
521457.8524245
521457.8566245
521457.8608245
521457.8650245
521457.869452
521457.877852
521457.894652
521457.903052
521457.911452
521457.919852
521457.928252
521457.936652
521457.945052
521457.953452
521457.970252
521457.978652
521457.987052
521457.995452
521458.003852
521457.868997
521458.012252
521458.020652
521457.877397
521458.029052
521457.885797
521458.037452
521457.894197
521458.045852
521457.902597
521458.054252
521457.910997
521458.062652
521457.919397
521458.071052
521457.927797
521458.079452
521457.936197
521457.944597
521458.087852
521457.952997
521458.096252
521457.961397
521458.104652
521457.969797
521458.113052
521457.978197
521458.121452
521457.986597
521458.129852
521457.994997
521458.138252
521458.146652
521458.003397
521458.011797
521458.155052
521458.020197
521458.028597
521458.171852
521458.036997
521458.180252
521458.045397
521458.188652
521458.053797
521458.197052
521458.062197
521458.213852
521458.070597
521458.222252
521458.078997
521458.230652
521458.087397
521458.239052
521458.095797
521458.247452
521458.104197
521458.255852
521458.112597
521458.120997
521458.264252
521458.272652
521458.129397
521458.137797
521458.281052
521458.146197
521458.297852
521458.154597
521458.306252
521458.162997
521458.314652
521458.171397
521458.323052
521458.179797
521458.331452
521458.188197
521458.339852
521458.196597
521458.348252
521458.204997
521458.356652
521458.213397
521458.365052
521458.221797
521458.373452
521458.230197
521458.381852
521458.238597
521458.390252
521458.246997
521458.255397
521458.398652
521458.263797
521458.407052
521458.272197
521458.415452
521458.280597
521458.423852
521458.432252
521458.288997
521458.440652
521458.297397
521458.449052
521458.305797
521458.457452
521458.314197
521458.465852
521458.322597
521458.330997
521458.474252
521458.339397
521458.482652
521458.347797
521458.499452
521458.356197
521458.507852
521458.364597
521458.372997
521458.516252
521458.381397
521458.524652
521458.389797
521458.533052
521458.541452
521458.398197
521458.549852
521458.406597
521458.558252
521458.414997
521458.566652
521458.423397
521458.575052
521458.431797
521458.583452
521458.440197
521458.448597
521458.591852
521458.456997
521458.600252
521458.608652
521458.465397
521458.473797
521458.617052
521458.482197
521458.625452
521458.490597
521458.5706245
521458.5748245
521458.5790245
521458.5832245
521458.58742450003
521458.5916245
521458.59582449996
521458.6000245
521458.6042245
521458.6084245
521458.6126245
521458.61682450003
521458.6210245
521458.62522449996
521458.6294245
521458.6336245
521458.6378245
521458.6420245
521458.64622450003
521458.6504245
521458.65462449996
521458.659052
521458.667452
521458.675852
521458.684252
521458.6756245
521458.6798245
521458.68402449996
521458.6882245
521458.6924245
521458.6966245
521458.701052
521458.709452
521458.717852
521458.7134245
521458.71762450004
521458.7218245
521458.7260245
521458.7302245
521458.7344245
521458.7386245
521458.743052
521458.751452
521458.759852
521458.7554245
521458.7596245
521458.7638245
521458.7680245
521458.77222449996
521458.776652
521458.7806245
521458.7848245
521458.7890245
521458.7932245
521458.7974245
521458.801852
521458.8058245
521458.8100245
521458.8142245
521458.8184245
521458.8226245
521458.827052
521458.83522450004
521458.8394245
521458.8436245
521458.8478245
521458.8562245
521458.86042449996
521458.86462450004
521458.877452
521458.8814245
521458.8856245
521458.8898245
521458.89402450004
521458.8982245
521458.9066245
521458.9108245
521458.9150245
521458.91922449996
521458.92342450004
521458.9276245
521458.9318245
521458.9360245
521458.9402245
521458.9444245
521458.94862449996
521458.95282450004
521458.9570245
521458.9612245
521458.9654245
521458.9696245
521458.9738245
521458.9780245
521458.98222450004
521458.9864245
521458.9906245
521458.9948245
521458.9990245
521459.0032245
521459.011397
521459.019797
521459.028197
521459.003452
521459.02422450006
521459.0284245
521459.0326245
521459.0368245
521459.04102450004
521459.0452245
521459.0494245
521459.0536245
521459.0578245
521459.0620245
521459.06622449995
521459.07042450004
521459.0746245
521459.079052
521459.087452
521459.095852
521459.104252
521459.112652
521459.0998245
521459.1040245
521459.10822449997
521459.1124245
521459.1166245
521459.1208245
521459.12502449995
521459.12922450004
521459.1334245
521459.13762449997
521459.1418245
521459.1460245
521459.1502245
521459.1544245
521459.15862450004
521459.1628245
521459.16702449997
521459.1712245
521459.1754245
521459.1796245
521459.18382449995
521459.18802450004
521459.1922245
521459.19642449997
521459.2006245
521459.2048245
521459.2090245
521459.2132245
521459.21742450004
521459.2216245
521459.22582449997
521459.2300245
521459.2342245
521459.2384245
521459.24262449995
521459.24682450003
521459.2510245
521459.25522449997
521459.2594245
521459.2636245
521459.2678245
521459.272252
521459.27622450003
521459.2804245
521459.28462449997
521459.289052
521459.297452
521459.305852
521459.314252
521459.322652
521459.3098245
521459.31402449997
521459.3182245
521459.3224245
521459.3266245
521459.3308245
521459.33502450003
521459.3392245
521459.34342449997
521459.3476245
521459.3518245
521459.356252
521459.3602245
521459.36442450003
521459.3686245
521459.37282449997
521459.3770245
521459.3812245
521459.3854245
521459.3896245
521459.39382450003
521459.3980245
521459.40222449997
521459.4064245
521459.4106245
521459.4148245
521459.4190245
521459.42322450003
521459.4274245
521459.43162449996
521459.43582450005
521459.4400245
521459.4442245
521459.4484245
521459.45262450003
521459.4568245
521459.46102449996
521459.4652245
521459.4694245
521459.4736245
521459.4778245
521459.48202450003
521459.4862245
521459.49042449996
521459.49462450005
521459.4988245
521459.5030245
521459.5072245
521459.51142450003
521459.5156245
521459.51982449996
521459.5240245
521459.5282245
521459.5324245
521459.5366245
521459.5408245
521459.5450245
521459.54922449996
521459.55342450005
521459.5576245
521459.5618245
521459.5660245
521459.5702245
521459.5744245
521459.57862449996
521459.5828245
521459.5870245
521459.5912245
521459.5954245
521459.5996245
521459.6038245
521459.60802449996
521459.61222450004
521459.6164245
521459.6206245
521459.6248245
521459.6290245
521459.6332245
521459.63742449996
521459.6416245
521459.6458245
521459.6500245
521459.6542245
521459.6584245
521459.6626245
521459.66682449996
521459.67102450004
521459.6752245
521459.6794245
521459.6836245
521459.6878245
521459.6920245
521459.69622449996
521459.70042450004
521459.7046245
521459.7088245
521459.7130245
521459.7172245
521459.7214245
521459.72562449996
521459.72982450004
521459.7340245
521459.7382245
521459.7424245
521459.7466245
521459.7508245
521459.75502449996
521459.75922450004
521459.7634245
521459.7676245
521459.775797
521459.7760245
521459.7802245
521459.78442449996
521459.78862450004
521459.7928245
521459.7970245
521459.8012245
521459.8054245
521459.8096245
521459.81382449996
521459.81802450004
521459.8222245
521459.8264245
521459.8306245
521459.835052
521459.843452
521459.860252
521459.868652
521459.877052
521459.885452
521459.893852
521459.902252
521459.910652
521459.919052
521459.927452
521459.935852
521459.944252
521459.952652
521459.961052
521459.969452
521459.977852
521459.834597
521459.986252
521459.842997
521459.994652
521459.851397
521460.003052
521459.859797
521460.011452
521459.868197
521460.019852
521459.876597
521460.028252
521459.884997
521460.036652
521459.893397
521460.045052
521459.901797
521460.053452
521459.910197
521460.061852
521459.918597
521460.070252
521459.926997
521460.078652
521459.935397
521460.087052
521459.943797
521460.095452
521459.952197
521459.960597
521460.103852
521459.968997
521460.112252
521460.120652
521459.977397
521460.129052
521459.985797
521460.137452
521460.145852
521459.994197
521460.002597
521460.154252
521460.010997
521460.162652
521460.019397
521460.0994245
521460.1036245
521460.1078245
521460.11202450003
521460.1162245
521460.12042449997
521460.12462450005
521460.1288245
521460.1330245
521460.1372245
521460.14142450003
521460.1456245
521460.14982449997
521460.15402450005
521460.1582245
521460.1624245
521460.1666245
521460.17082450003
521460.1750245
521460.17922449997
521460.1834245
521460.1876245
521460.1918245
521460.1960245
521460.20022450003
521460.2044245
521460.20862449997
521460.2128245
521460.2170245
521460.2212245
521460.2254245
521460.22962450003
521460.2338245
521460.23802449997
521460.2422245
521460.2464245
521460.2506245
521460.2548245
521460.25902450003
521460.2632245
521460.26742449997
521460.2716245
521460.2758245
521460.2800245
521460.2842245
521460.28842450003
521460.2926245
521460.29682449996
521460.30102450005
521460.3052245
521460.3094245
521460.3136245
521460.31782450003
521460.3220245
521460.32622449996
521460.3304245
521460.3346245
521460.3388245
521460.3430245
521460.34722450003
521460.3514245
521460.35562449996
521460.35982450005
521460.3640245
521460.3682245
521460.3724245
521460.37662450003
521460.3808245
521460.38502449996
521460.3892245
521460.3934245
521460.3976245
521460.4018245
521460.40602450003
521460.4102245
521460.41442449996
521460.41862450005
521460.4228245
521460.4270245
521460.4312245
521460.4354245
521460.4396245
521460.44382449996
521460.4480245
521460.4522245
521460.4564245
521460.4606245
521460.4648245
521460.481397
521460.47742450004
521460.4816245
521460.4858245
521460.4900245
521460.498197
521460.506597
521460.514997
521460.523397
521460.490252
521460.531797
521460.498652
521460.540197
521460.507052
521460.548597
521460.556997
521460.515452
521460.523852
521460.565397
521460.532252
521460.573797
521460.540652
521460.582197
521460.549052
521460.590597
521460.557452
521460.574252
521460.598997
521460.607397
521460.582652
521460.615797
521460.591052
521460.599452
521460.624197
521460.632597
521460.607852
521460.640997
521460.616252
521460.649397
521460.624652
521460.657797
521460.633052
521460.641452
521460.666197
521460.649852
521460.674597
521460.658252
521460.682997
521460.666652
521460.691397
521460.675052
521460.699797
521460.683452
521460.691852
521460.7042245
521460.7084245
521460.7168245
521460.7210245
521460.7252245
521460.750197
521460.758597
521460.725452
521460.766997
521460.733852
521460.775397
521460.783797
521460.742252
521460.750652
521460.792197
521460.759052
521460.767452
521460.817397
521460.775852
521460.825797
521460.784252
521460.801052
521460.817852
521460.826252
521460.834652
521460.851452
521460.859852
521460.868252
521460.876652
521460.893452
521460.901852
521460.910252
521460.918652
521460.927052
521460.935452
521460.943852
521460.952252
521460.960652
521460.969052
521460.977452
521460.985852
521460.994252
521461.002652
521461.011052
521461.019452
521461.027852
521460.834197
521460.859397
521461.036252
521460.884597
521460.892997
521460.901397
521461.044652
521461.053052
521461.061452
521461.069852
521460.909797
521460.926597
521460.934997
521460.951797
521460.960197
521460.968597
521460.976997
521460.985397
521460.993797
521461.002197
521461.010597
521461.018997
521461.027397
521461.035797
521461.044197
521461.052597
521461.060997
521461.069397
521461.077797
521461.086197
521461.094597
521461.078252
521461.102997
521461.086652
521461.111397
521461.095052
521461.119797
521461.103452
521461.111852
521461.120252
521461.128652
521461.137052
521461.145452
521461.153852
521461.162252
521461.1494245
521461.15362450003
521461.1578245
521461.16202449996
521461.161797
521461.1704245
521461.1746245
521461.1788245
521461.18302450003
521461.1872245
521461.195397
521461.1956245
521461.1998245
521461.2040245
521461.2082245
521461.21242450003
521461.2166245
521461.22082449996
521461.22502450005
521461.2292245
521461.2334245
521461.2376245
521461.245797
521461.2460245
521461.25022449996
521461.2544245
521461.2586245
521461.2628245
521461.270997
521461.279397
521461.263052
521461.271452
521461.28382450005
521461.2880245
521461.296197
521461.288252
521461.304597
521461.296652
521461.312997
521461.305052
521461.313452
521461.3216245
521461.321852
521461.338197
521461.330252
521461.346597
521461.354997
521461.338652
521461.347052
521461.363397
521461.355452
521461.371797
521461.380197
521461.363852
521461.388597
521461.372252
521461.396997
521461.380652
521461.405397
521461.389052
521461.413797
521461.397452
521461.422197
521461.405852
521461.430597
521461.414252
521461.438997
521461.422652
521461.431052
521461.447397
521461.455797
521461.439452
521461.464197
521461.447852
521461.472597
521461.456252
521461.480997
521461.464652
521461.489397
521461.473052
521461.497797
521461.481452
521461.506197
521461.489852
521461.514597
521461.498252
521461.522997
521461.506652
521461.5232245
521461.5274245
521461.5316245
521461.539797
521461.548197
521461.531852
521461.5484245
521461.548652
521461.557052
521461.565452
521461.573852
521461.582252
521461.590652
521461.599052
521461.607452
521461.615852
521461.624252
521461.632652
521461.641052
521461.674652
521461.683052
521461.691452
521461.699852
521461.556597
521461.708252
521461.716652
521461.725052
521461.733452
521461.564997
521461.741852
521461.573397
521461.581797
521461.750252
521461.590197
521461.598597
521461.758652
521461.775452
521461.606997
521461.783852
521461.615397
521461.792252
521461.623797
521461.632197
521461.800652
521461.640597
521461.648997
521461.825852
521461.682597
521461.690997
521461.699397
521461.707797
521461.716197
521461.834252
521461.859452
521461.876252
521461.732997
521461.893052
521461.741397
521461.749797
521461.758197
521461.766597
521461.774997
521461.901452
521461.909852
521461.918252
521461.926652
521461.935052
521461.943452
521461.783397
521461.791797
521461.800197
521461.951852
521461.960252
521461.816997
521461.968652
521461.825397
521461.977052
521461.833797
521461.985452
521461.993852
521461.842197
521462.002252
521461.858997
521462.010652
521461.867397
521462.019052
521461.875797
521462.027452
521461.884197
521462.035852
521461.892597
521462.044252
521461.900997
521462.052652
521461.909397
521462.061052
521461.917797
521462.069452
521461.926197
521462.077852
521461.934597
521462.086252
521461.942997
521462.094652
521461.951397
521462.103052
521461.959797
521462.111452
521461.968197
521461.976597
521461.984997
521461.993397
521462.001797
521462.119852
521462.128252
521462.136652
521462.145052
521462.153452
521462.010197
521462.018597
521462.161852
521462.026997
521462.035397
521462.178652
521462.043797
521462.052197
521462.195452
521462.060597
521462.203852
521462.068997
521462.212252
521462.220652
521462.077397
521462.229052
521462.085797
521462.237452
521462.094197
521462.245852
521462.102597
521462.110997
521462.254252
521462.119397
521462.262652
521462.271052
521462.127797
521462.136197
521462.144597
521462.152997
521462.161397
521462.169797
521462.178197
521462.186597
521462.194997
521462.203397
521462.211797
521462.228597
521462.236997
521462.279452
521462.296252
521462.304652
521462.313052
521462.321452
521462.329852
521462.338252
521462.346652
521462.363452
521462.380252
521462.245397
521462.388652
521462.262197
521462.270597
521462.413852
521462.422252
521462.278997
521462.430652
521462.287397
521462.439052
521462.295797
521462.447452
521462.304197
521462.455852
521462.312597
521462.464252
521462.320997
521462.472652
521462.329397
521462.337797
521462.346197
521462.354597
521462.481052
521462.489452
521462.497852
521462.506252
521462.362997
521462.514652
521462.371397
521462.379797
521462.523052
521462.531452
521462.388197
521462.396597
521462.539852
521462.404997
521462.548252
521462.556652
521462.413397
521462.421797
521462.565052
521462.573452
521462.430197
521462.438597
521462.590252
521462.446997
521462.598652
521462.455397
521462.607052
521462.463797
521462.615452
521462.472197
521462.480597
521462.623852
521462.632252
521462.488997
521462.640652
521462.497397
521462.649052
521462.505797
521462.657452
521462.514197
521462.665852
521462.522597
521462.674252
521462.530997
521462.539397
521462.691052
521462.547797
521462.699452
521462.556197
521462.564597
521462.707852
521462.572997
521462.581397
521462.589797
521462.598197
521462.606597
521462.614997
521462.623397
521462.631797
521462.640197
521462.648597
521462.656997
521462.665397
521462.673797
521462.682197
521462.690597
521462.698997
521462.707397
521462.715797
521462.724197
521462.732597
521462.740997
521462.749397
521462.757797
521462.766197
521462.774597
521462.782997
521462.716252
521462.799797
521462.816597
521462.724652
521462.824997
521462.833397
521462.733052
521462.841797
521462.850197
521462.741452
521462.858597
521462.758252
521462.866997
521462.883797
521462.892197
521462.766652
521462.900597
521462.791852
521462.800252
521462.908997
521462.817052
521462.917397
521462.842252
521462.867452
521462.925797
521462.934197
521462.875852
521462.942597
521462.892652
521462.901052
521462.950997
521462.959397
521462.967797
521462.926252
521462.976197
521462.984597
521462.934652
521462.992997
521462.959852
521463.001397
521462.968252
521463.009797
521462.976652
521462.985052
521463.018197
521462.993452
521463.026597
521463.034997
521463.001852
521463.043397
521463.010252
521463.018652
521463.051797
521463.060197
521463.027052
521463.068597
521463.035452
521463.076997
521463.052252
521463.060652
521463.085397
521463.069052
521463.093797
521463.102197
521463.077452
521463.085852
521463.110597
521463.094252
521463.118997
521463.127397
521463.102652
521463.135797
521463.111052
521463.144197
521463.152597
521463.119452
521463.160997
521463.127852
521463.169397
521463.136252
521463.144652
521463.177797
521463.186197
521463.153052
521463.194597
521463.161452
521463.202997
521463.169852
521463.211397
521463.219797
521463.178252
521463.186652
521463.228197
521463.195052
521463.236597
521463.211852
521463.244997
521463.220252
521463.253397
521463.261797
521463.228652
521463.270197
521463.237052
521463.278597
521463.286997
521463.245452
521463.295397
521463.262252
521463.303797
521463.270652
521463.312197
521463.279052
521463.320597
521463.287452
521463.295852
521463.328997
521463.337397
521463.304252
521463.345797
521463.312652
521463.354197
521463.321052
521463.362597
521463.329452
521463.370997
521463.379397
521463.337852
521463.363052
521463.371452
521463.379852
521463.388252
521463.396652
521463.405052
521463.413452
521463.421852
521463.430252
521463.447052
521463.455452
521463.463852
521463.472252
521463.497452
521463.505852
521463.514252
521463.539452
521463.387797
521463.404597
521463.412997
521463.421397
521463.429797
521463.438197
521463.446597
521463.454997
521463.463397
521463.471797
521463.480197
521463.488597
521463.547852
521463.556252
521463.564652
521463.581452
521463.589852
521463.598252
521463.55182449997
521463.5602245
521463.530597
521463.538997
521463.555797
521463.5854245
521463.572597
521463.580997
521463.589397
521463.597797
521463.606197
521463.614597
521463.622997
521463.631397
521463.606652
521463.615052
521463.639797
521463.623452
521463.648197
521463.656597
521463.631852
521463.640252
521463.664997
521463.673397
521463.648652
521463.681797
521463.690197
521463.657052
521463.698597
521463.706997
521463.665452
521463.715397
521463.723797
521463.732197
521463.673852
521463.740597
521463.682252
521463.748997
521463.690652
521463.757397
521463.699052
521463.765797
521463.707452
521463.774197
521463.715852
521463.782597
521463.724252
521463.799397
521463.732652
521463.807797
521463.757852
521463.774652
521463.816197
521463.791452
521463.832997
521463.808252
521463.841397
521463.816652
521463.849797
521463.825052
521463.833452
521463.858197
521463.841852
521463.874997
521463.850252
521463.883397
521463.858652
521463.891797
521463.875452
521463.900197
521463.908597
521463.883852
521463.916997
521463.892252
521463.900652
521463.9172245
521463.9214245
521463.9256245
521463.9298245
521463.93402449996
521463.942197
521463.950597
521463.975797
521463.934252
521463.942652
521463.9676245
521463.9718245
521463.9760245
521463.9802245
521463.984652
521463.993052
521463.99282449996
521464.009397
521464.017797
521464.034597
521464.042997
521464.051397
521464.001452
521464.059797
521464.068197
521464.018252
521464.076597
521464.084997
521464.035052
521464.060252
521464.093397
521464.068652
521464.101797
521464.110197
521464.077052
521464.085452
521464.102252
521464.11462450004
521464.1188245
521464.143797
521464.119052
521464.127452
521464.135852
521464.152197
521464.144252
521464.152652
521464.177397
521464.161052
521464.169452
521464.186252
521464.194652
521464.1986245
521464.203052
521464.211452
521464.219397
521464.219852
521464.228252
521464.236197
521464.236652
521464.2532245
521464.25742449996
521464.26162450004
521464.2700245
521464.2742245
521464.2784245
521464.286597
521464.294997
521464.303397
521464.278652
521464.311797
521464.287052
521464.320197
521464.295452
521464.328597
521464.303852
521464.336997
521464.312252
521464.345397
521464.320652
521464.353797
521464.337452
521464.3540245
521464.35822449997
521464.3624245
521464.3666245
521464.3708245
521464.378997
521464.387397
521464.395797
521464.371052
521464.404197
521464.379452
521464.412597
521464.387852
521464.420997
521464.396252
521464.429397
521464.404652
521464.413052
521464.437797
521464.421452
521464.446197
521464.429852
521464.454597
521464.446652
521464.462997
521464.455052
521464.463452
521464.479797
521464.471852
521464.488197
521464.480252
521464.504997
521464.488652
521464.513397
521464.497052
521464.505452
521464.521797
521464.513852
521464.522252
521464.5304245
521464.530652
521464.555397
521464.539052
521464.55562450003
521464.5598245
521464.56402449997
521464.572197
521464.564252
521464.580597
521464.572652
521464.581052
521464.605797
521464.6018245
521464.597852
521464.6102245
521464.61442450003
521464.622597
521464.62702450005
521464.6312245
521464.6354245
521464.6396245
521464.64382450003
521464.6480245
521464.65222449997
521464.6564245
521464.6606245
521464.6648245
521464.6690245
521464.6774245
521464.68162449996
521464.68582450005
521464.6942245
521464.6984245
521464.70262450003
521464.7068245
521464.71102449996
521464.7152245
521464.7236245
521464.7278245
521464.73202450003
521464.740197
521464.748597
521464.74462450005
521464.7488245
521464.7530245
521464.7572245
521464.765397
521464.7656245
521464.765852
521464.7824245
521464.782197
521464.798997
521464.807397
521464.815797
521464.824197
521464.832597
521464.840997
521464.791052
521464.849397
521464.799452
521464.857797
521464.866197
521464.807852
521464.874597
521464.816252
521464.882997
521464.824652
521464.833052
521464.891397
521464.899797
521464.841452
521464.916597
521464.849852
521464.875052
521464.924997
521464.891852
521464.933397
521464.900252
521464.941797
521464.950197
521464.908652
521464.958597
521464.917052
521464.966997
521464.933852
521464.975397
521464.942252
521464.950652
521464.983797
521464.967452
521465.000597
521464.975852
521465.008997
521464.984252
521465.017397
521464.992652
521465.025797
521465.001052
521465.034197
521465.009452
521465.042597
521465.026252
521465.050997
521465.034652
521465.059397
521465.043052
521465.067797
521465.051452
521465.076197
521465.084597
521465.059852
521465.092997
521465.068252
521465.101397
521465.076652
521465.109797
521465.085052
521465.118197
521465.093452
521465.126597
521465.101852
521465.12262449996
521465.1268245
521465.1310245
521465.135452
521465.143852
521465.1436245
521465.1478245
521465.1520245
521465.15622450004
521465.1604245
521465.1646245
521465.1730245
521465.1772245
521465.18142449996
521465.18562450004
521465.1898245
521465.1940245
521465.1982245
521465.2024245
521465.2066245
521465.2108245
521465.21502450004
521465.2192245
521465.22342449997
521465.2276245
521465.2318245
521465.2360245
521465.24022449995
521465.24442450004
521465.2486245
521465.25282449997
521465.2570245
521465.2612245
521465.2654245
521465.2696245
521465.27382450004
521465.2780245
521465.28222449997
521465.2864245
521465.2906245
521465.2948245
521465.29902449995
521465.30322450004
521465.3074245
521465.31162449997
521465.3158245
521465.3200245
521465.3242245
521465.3284245
521465.33262450004
521465.3368245
521465.34102449997
521465.3452245
521465.3494245
521465.3536245
521465.35782449995
521465.36202450003
521465.3662245
521465.37042449997
521465.3746245
521465.3788245
521465.3830245
521465.3872245
521465.39142450003
521465.3956245
521465.39982449997
521465.4040245
521465.4082245
521465.4124245
521465.4166245
521465.42082450003
521465.4250245
521465.42922449997
521465.4334245
521465.4376245
521465.4418245
521465.4460245
521465.45022450003
521465.4544245
521465.45862449997
521465.4628245
521465.4670245
521465.4712245
521465.4754245
521465.47962450003
521465.4838245
521465.48802449997
521465.4922245
521465.4964245
521465.5006245
521465.5048245
521465.50902450003
521465.5132245
521465.51742449997
521465.5216245
521465.5258245
521465.5300245
521465.5342245
521465.53842450003
521465.5426245
521465.54682449996
521465.55102450005
521465.5552245
521465.5594245
521465.5636245
521465.56782450003
521465.5720245
521465.57622449996
521465.5804245
521465.5846245
521465.5888245
521465.5930245
521465.6014245
521465.60562449996
521465.60982450005
521465.6140245
521465.6182245
521465.622652
521465.62662450003
521465.6308245
521465.63502449996
521465.6392245
521465.6434245
521465.6476245
521465.6518245
521465.65602450003
521465.6602245
521465.66442449996
521465.66862450005
521465.6728245
521465.680997
521465.689397
521465.673052
521465.697797
521465.681452
521465.706197
521465.714597
521465.689852
521465.722997
521465.698252
521465.731397
521465.706652
521465.715052
521465.739797
521465.723452
521465.748197
521465.731852
521465.756597
521465.740252
521465.764997
521465.748652
521465.773397
521465.757052
521465.781797
521465.765452
521465.790197
521465.773852
521465.798597
521465.782252
521465.815397
521465.790652
521465.823797
521465.799052
521465.832197
521465.807452
521465.840597
521465.815852
521465.848997
521465.824252
521465.857397
521465.832652
521465.865797
521465.841052
521465.874197
521465.849452
521465.882597
521465.857852
521465.890997
521465.866252
521465.899397
521465.883052
521465.907797
521465.891452
521465.916197
521465.899852
521465.924597
521465.908252
521465.932997
521465.916652
521465.941397
521465.925052
521465.949797
521465.933452
521465.958197
521465.941852
521465.966597
521465.950252
521465.974997
521465.958652
521465.983397
521465.967052
521465.991797
521465.975452
521466.000197
521465.983852
521466.008597
521465.992252
521466.016997
521466.000652
521466.025397
521466.009052
521466.033797
521466.017452
521466.042197
521466.025852
521466.050597
521466.034252
521466.058997
521466.042652
521466.067397
521466.051052
521466.075797
521466.059452
521466.084197
521466.067852
521466.092597
521466.0886245
521466.0928245
521466.0970245
521466.1012245
521466.109397
521466.117797
521466.101452
521466.126197
521466.109852
521466.1264245
521466.1306245
521466.135052
521466.13902450004
521466.1432245
521466.151397
521466.159797
521466.143452
521466.1600245
521466.16422449995
521466.16842450004
521466.176597
521466.17682449997
521466.1810245
521466.1852245
521466.193397
521466.201797
521466.185452
521466.193852
521466.210197
521466.218597
521466.202252
521466.226997
521466.210652
521466.235397
521466.219052
521466.243797
521466.227452
521466.252197
521466.260597
521466.235852
521466.268997
521466.244252
521466.277397
521466.252652
521466.285797
521466.261052
521466.269452
521466.294197
521466.277852
521466.302597
521466.310997
521466.286252
521466.294652
521466.303052
521466.311452
521466.319852
521466.32382449997
521466.3280245
521466.3322245
521466.3364245
521466.3406245
521466.34482450003
521466.3490245
521466.35322449997
521466.3574245
521466.3616245
521466.3658245
521466.3700245
521466.37422450003
521466.3784245
521466.38262449997
521466.3868245
521466.3910245
521466.3952245
521466.3994245
521466.40362450003
521466.4078245
521466.41202449996
521466.41622450005
521466.4204245
521466.4246245
521466.4288245
521466.43302450003
521466.4372245
521466.44142449996
521466.4456245
521466.4498245
521466.4540245
521466.4582245
521466.46242450003
521466.4666245
521466.47082449996
521466.47502450005
521466.4792245
521466.4834245
521466.4876245
521466.49182450003
521466.4960245
521466.50022449996
521466.5044245
521466.5086245
521466.5128245
521466.5170245
521466.52122450003
521466.5254245
521466.52962449996
521466.53382450005
521466.5380245
521466.5422245
521466.5464245
521466.5506245
521466.5548245
521466.55902449996
521466.5632245
521466.5674245
521466.5716245
521466.5758245
521466.5800245
521466.5842245
521466.58842449996
521466.596597
521466.5968245
521466.6010245
521466.6052245
521466.6094245
521466.6136245
521466.61782449996
521466.6220245
521466.6262245
521466.6304245
521466.6346245
521466.6388245
521466.6430245
521466.64722449996
521466.65142450004
521466.6556245
521466.6598245
521466.6640245
521466.6682245
521466.6724245
521466.680597
521466.6808245
521466.6850245
521466.6892245
521466.697397
521466.705797
521466.689452
521466.714197
521466.697852
521466.722597
521466.706252
521466.7228245
521466.7270245
521466.7312245
521466.73542449996
521466.73962450004
521466.7438245
521466.7480245
521466.7522245
521466.7564245
521466.7606245
521466.76482449996
521466.76902450004
521466.7732245
521466.7774245
521466.7816245
521466.7858245
521466.7900245
521466.79422449996
521466.79842450004
521466.8026245
521466.8068245
521466.8110245
521466.8152245
521466.8194245
521466.82362449996
521466.82782450004
521466.8320245
521466.8362245
521466.8404245
521466.8446245
521466.8488245
521466.85302449996
521466.85722450004
521466.8614245
521466.8656245
521466.8698245
521466.8740245
521466.8782245
521466.8824245
521466.88662450004
521466.8908245
521466.8950245
521466.8992245
521466.9034245
521466.9076245
521466.91182449996
521466.91602450004
521466.924197
521466.932597
521466.940997
521466.916252
521466.924652
521466.9412245
521466.94542450004
521466.9496245
521466.957797
521466.9580245
521466.9622245
521466.9664245
521466.974597
521466.9748245
521466.9790245
521466.98322449997
521466.9874245
521466.9916245
521466.9958245
521467.0000245
521467.00422450004
521467.0084245
521467.016597
521467.024997
521467.008652
521467.033397
521467.017052
521467.041797
521467.025452
521467.050197
521467.033852
521467.058597
521467.042252
521467.066997
521467.050652
521467.0672245
521467.07142449997
521467.0756245
521467.0798245
521467.0840245
521467.08822449995
521467.09242450004
521467.0966245
521467.10082449997
521467.1050245
521467.1092245
521467.1134245
521467.1176245
521467.12182450003
521467.1260245
521467.13022449997
521467.1344245
521467.1386245
521467.1428245
521467.1470245
521467.15122450003
521467.1554245
521467.15962449997
521467.1638245
521467.1680245
521467.1722245
521467.1764245
521467.18062450003
521467.1848245
521467.18902449997
521467.1932245
521467.1974245
521467.2016245
521467.209797
521467.218197
521467.201852
521467.226597
521467.234997
521467.210252
521467.243397
521467.218652
521467.251797
521467.227052
521467.260197
521467.235452
521467.243852
521467.2604245
521467.2646245
521467.26882450003
521467.276997
521467.2772245
521467.277452
521467.2856245
521467.293797
521467.302197
521467.285852
521467.310597
521467.294252
521467.3108245
521467.3150245
521467.3192245
521467.3234245
521467.32762450003
521467.3318245
521467.33602449996
521467.344197
521467.3444245
521467.3486245
521467.3528245
521467.360997
521467.3612245
521467.36542449996
521467.3696245
521467.3738245
521467.3780245
521467.386197
521467.38642450003
521467.3906245
521467.39482449996
521467.39902450005
521467.4032245
521467.4074245
521467.4116245
521467.4158245
521467.4200245
521467.42422449996
521467.4284245
521467.4326245
521467.4368245
521467.4410245
521467.4452245
521467.4494245
521467.45362449996
521467.45782450004
521467.4620245
521467.4662245
521467.4704245
521467.4746245
521467.4788245
521467.48302449996
521467.4872245
521467.4914245
521467.4956245
521467.4998245
521467.5040245
521467.512197
521467.5124245
521467.51662450004
521467.5208245
521467.5250245
521467.5292245
521467.5334245
521467.5376245
521467.545797
521467.554197
521467.537852
521467.562597
521467.546252
521467.570997
521467.554652
521467.563052
521467.579397
521467.571452
521467.596197
521467.579852
521467.588252
521467.604597
521467.596652
521467.621397
521467.605052
521467.629797
521467.613452
521467.638197
521467.621852
521467.646597
521467.630252
521467.654997
521467.638652
521467.663397
521467.647052
521467.671797
521467.655452
521467.680197
521467.688597
521467.663852
521467.696997
521467.672252
521467.705397
521467.680652
521467.713797
521467.689052
521467.722197
521467.697452
521467.730597
521467.705852
521467.738997
521467.714252
521467.747397
521467.731052
521467.755797
521467.739452
521467.764197
521467.772597
521467.747852
521467.756252
521467.780997
521467.764652
521467.789397
521467.773052
521467.797797
521467.781452
521467.806197
521467.789852
521467.822997
521467.798252
521467.831397
521467.839797
521467.806652
521467.848197
521467.815052
521467.823452
521467.856597
521467.831852
521467.864997
521467.840252
521467.873397
521467.848652
521467.881797
521467.857052
521467.890197
521467.865452
521467.898597
521467.873852
521467.890652
521467.906997
521467.915397
521467.899052
521467.923797
521467.907452
521467.932197
521467.915852
521467.940597
521467.948997
521467.924252
521467.957397
521467.932652
521467.965797
521467.941052
521467.974197
521467.949452
521467.982597
521467.957852
521467.990997
521467.966252
521467.999397
521468.007797
521467.974652
521468.016197
521468.024597
521467.983052
521468.032997
521467.991452
521467.999852
521468.041397
521468.008252
521468.049797
521468.016652
521468.066597
521468.025052
521468.033452
521468.074997
521468.050252
521468.083397
521468.091797
521468.058652
521468.100197
521468.067052
521468.108597
521468.083852
521468.116997
521468.125397
521468.092252
521468.100652
521468.133797
521468.109052
521468.117452
521468.13402450003
521468.1382245
521468.14242449997
521468.167397
521468.142652
521468.151052
521468.175797
521468.184197
521468.159452
521468.192597
521468.167852
521468.200997
521468.184652
521468.209397
521468.193052
521468.217797
521468.201452
521468.209852
521468.226197
521468.234597
521468.218252
521468.242997
521468.226652
521468.251397
521468.235052
521468.259797
521468.243452
521468.268197
521468.251852
521468.276597
521468.260252
521468.284997
521468.268652
521468.293397
521468.277052
521468.301797
521468.285452
521468.3020245
521468.3062245
521468.3104245
521468.3146245
521468.31882449996
521468.32302450004
521468.3272245
521468.3314245
521468.3356245
521468.3398245
521468.3440245
521468.34822449996
521468.3524245
521468.3566245
521468.3608245
521468.3650245
521468.3692245
521468.3734245
521468.37762449996
521468.38182450004
521468.3860245
521468.3902245
521468.394652
521468.3986245
521468.4028245
521468.40702449996
521468.4112245
521468.4154245
521468.4196245
521468.4238245
521468.4280245
521468.4322245
521468.43642449996
521468.4448245
521468.4490245
521468.4532245
521468.4574245
521468.4616245
521468.46582449996
521468.47002450004
521468.4742245
521468.4784245
521468.486597
521468.494997
521468.503397
521468.511797
521468.478652
521468.520197
521468.487052
521468.495452
521468.528597
521468.503852
521468.545397
521468.512252
521468.553797
521468.529052
521468.562197
521468.537452
521468.570597
521468.545852
521468.578997
521468.587397
521468.554252
521468.571052
521468.595797
521468.579452
521468.604197
521468.612597
521468.587852
521468.620997
521468.596252
521468.629397
521468.604652
521468.613052
521468.637797
521468.621452
521468.646197
521468.629852
521468.654597
521468.638252
521468.662997
521468.646652
521468.671397
521468.655052
521468.6716245
521468.67582450004
521468.6800245
521468.688197
521468.696597
521468.704997
521468.680252
521468.688652
521468.713397
521468.697052
521468.721797
521468.705452
521468.730197
521468.713852
521468.738597
521468.722252
521468.7388245
521468.74302449997
521468.7472245
521468.755397
521468.747452
521468.75982449995
521468.76402450004
521468.7682245
521468.77242449997
521468.780597
521468.788997
521468.7850245
521468.7892245
521468.79342450004
521468.7976245
521468.80182449997
521468.8060245
521468.822597
521468.830997
521468.839397
521468.806252
521468.847797
521468.814652
521468.856197
521468.823052
521468.864597
521468.85222450003
521468.8564245
521468.86062449997
521468.8648245
521468.8690245
521468.8732245
521468.881397
521468.88162450003
521468.8942245
521468.898197
521468.906597
521468.914997
521468.923397
521468.9152245
521468.91942449997
521468.9236245
521468.9278245
521468.9320245
521468.940197
521468.94042450003
521468.94882449997
521468.956997
521468.965397
521468.949052
521468.973797
521468.957452
521468.965852
521468.982197
521468.974252
521468.982652
521468.9908245
521468.991052
521469.015797
521469.01182450005
521469.0160245
521469.0202245
521469.0244245
521469.032597
521469.040997
521469.024652
521469.049397
521469.033052
521469.041452
521469.057797
521469.066197
521469.049852
521469.074597
521469.058252
521469.082997
521469.066652
521469.091397
521469.075052
521469.099797
521469.083452
521469.108197
521469.091852
521469.116597
521469.100252
521469.124997
521469.108652
521469.133397
521469.117052
521469.141797
521469.125452
521469.150197
521469.133852
521469.158597
521469.142252
521469.166997
521469.150652
521469.175397
521469.159052
521469.183797
521469.167452
521469.192197
521469.175852
521469.200597
521469.184252
521469.208997
521469.192652
521469.217397
521469.201052
521469.225797
521469.209452
521469.234197
521469.217852
521469.242597
521469.226252
521469.250997
521469.234652
521469.259397
521469.243052
521469.2596245
521469.2638245
521469.2680245
521469.27222449996
521469.2764245
521469.2806245
521469.2848245
521469.2890245
521469.2932245
521469.2974245
521469.30162449996
521469.30582450004
521469.3100245
521469.3142245
521469.3184245
521469.3226245
521469.3268245
521469.33102449996
521469.33522450004
521469.3394245
521469.3436245
521469.3478245
521469.3520245
521469.3562245
521469.36042449996
521469.36462450004
521469.3688245
521469.3730245
521469.3772245
521469.3814245
521469.3856245
521469.38982449996
521469.39402450004
521469.3982245
521469.4024245
521469.4066245
521469.4108245
521469.4150245
521469.41922449996
521469.42342450004
521469.4276245
521469.4318245
521469.4360245
521469.4402245
521469.4444245
521469.44862449996
521469.45282450004
521469.4570245
521469.4612245
521469.4654245
521469.4696245
521469.4738245
521469.4780245
521469.48222450004
521469.4864245
521469.4906245
521469.4948245
521469.4990245
521469.5032245
521469.50742449996
521469.51162450004
521469.5158245
521469.5200245
521469.5242245
521469.5284245
521469.5326245
521469.5368245
521469.54102450004
521469.5452245
521469.5494245
521469.5536245
521469.5578245
521469.5620245
521469.570197
521469.578597
521469.562252
521469.586997
521469.570652
521469.579052
521469.595397
521469.587452
521469.603797
521469.612197
521469.595852
521469.6124245
521469.6166245
521469.6208245
521469.6292245
521469.6334245
521469.63762449997
521469.6418245
521469.6460245
521469.6502245
521469.6544245
521469.65862450004
521469.6628245
521469.66702449997
521469.6712245
521469.6754245
521469.6796245
521469.68382449995
521469.68802450004
521469.6922245
521469.69642449997
521469.7006245
521469.7048245
521469.7090245
521469.7132245
521469.71742450004
521469.7216245
521469.72582449997
521469.7300245
521469.7342245
521469.7384245
521469.74262449995
521469.74682450003
521469.7510245
521469.75522449997
521469.7594245
521469.7636245
521469.7678245
521469.7720245
521469.77622450003
521469.7804245
521469.78462449997
521469.7888245
521469.7930245
521469.7972245
521469.8014245
521469.80562450003
521469.8098245
521469.81402449997
521469.8182245
521469.8224245
521469.8266245
521469.8308245
521469.83502450003
521469.8392245
521469.84342449997
521469.8476245
521469.8518245
521469.8560245
521469.8602245
521469.86442450003
521469.8686245
521469.87282449997
521469.8770245
521469.8812245
521469.8854245
521469.8896245
521469.89382450003
521469.8980245
521469.90222449997
521469.9064245
521469.9106245
521469.9148245
521469.9190245
521469.92322450003
521469.9274245
521469.93162449996
521469.93582450005
521469.9400245
521469.9442245
521469.9484245
521469.95262450003
521469.9568245
521469.96102449996
521469.9652245
521469.9694245
521469.9736245
521469.9778245
521469.98202450003
521469.9862245
521469.99042449996
521469.99462450005
521469.9988245
521470.0030245
521470.0072245
521470.01142450003
521470.0156245
521470.01982449996
521470.0240245
521470.0282245
521470.0324245
521470.0366245
521470.0408245
521470.0450245
521470.04922449996
521470.05342450005
521470.0576245
521470.0618245
521470.0660245
521470.0702245
521470.0744245
521470.07862449996
521470.0828245
521470.0870245
521470.0912245
521470.0954245
521470.0996245
521470.1038245
521470.10802449996
521470.11222450004
521470.1164245
521470.1206245
521470.1248245
521470.1290245
521470.1332245
521470.13742449996
521470.1416245
521470.1458245
521470.1500245
521470.1542245
521470.1584245
521470.1626245
521470.16682449996
521470.17102450004
521470.1752245
521470.1794245
521470.1836245
521470.1878245
521470.1920245
521470.19622449996
521470.20042450004
521470.2046245
521470.2088245
521470.2130245
521470.2172245
521470.2214245
521470.22562449996
521470.22982450004
521470.2340245
521470.2382245
521470.2424245
521470.2466245
521470.2508245
521470.25502449996
521470.25922450004
521470.2634245
521470.2676245
521470.2718245
521470.2760245
521470.284197
521470.292597
521470.276252
521470.284652
521470.2970245
521470.3012245
521470.309397
521470.317797
521470.301452
521470.326197
521470.309852
521470.334597
521470.318252
521470.342997
521470.326652
521470.351397
521470.335052
521470.359797
521470.343452
521470.368197
521470.351852
521470.376597
521470.360252
521470.384997
521470.368652
521470.393397
521470.377052
521470.401797
521470.385452
521470.410197
521470.393852
521470.418597
521470.402252
521470.426997
521470.410652
521470.419052
521470.435397
521470.443797
521470.427452
521470.452197
521470.435852
521470.444252
521470.468997
521470.452652
521470.477397
521470.461052
521470.485797
521470.469452
521470.494197
521470.477852
521470.502597
521470.486252
521470.510997
521470.494652
521470.519397
521470.503052
521470.527797
521470.511452
521470.536197
521470.519852
521470.544597
521470.528252
521470.552997
521470.561397
521470.536652
521470.545052
521470.569797
521470.553452
521470.578197
521470.561852
521470.586597
521470.570252
521470.594997
521470.578652
521470.603397
521470.587052
521470.611797
521470.595452
521470.620197
521470.628597
521470.603852
521470.612252
521470.636997
521470.620652
521470.645397
521470.629052
521470.653797
521470.637452
521470.662197
521470.645852
521470.670597
521470.654252
521470.678997
521470.662652
521470.687397
521470.671052
521470.695797
521470.679452
521470.704197
521470.687852
521470.696252
521470.70862449997
521470.7128245
521470.720997
521470.729397
521470.713052
521470.737797
521470.721452
521470.746197
521470.729852
521470.754597
521470.738252
521470.762997
521470.746652
521470.7632245
521470.76742449997
521470.7716245
521470.779797
521470.788197
521470.771852
521470.796597
521470.780252
521470.804997
521470.788652
521470.813397
521470.797052
521470.821797
521470.805452
521470.830197
521470.813852
521470.838597
521470.822252
521470.846997
521470.830652
521470.839052
521470.8514245
521470.85562449996
521470.85982450005
521470.8640245
521470.872197
521470.880597
521470.888997
521470.864252
521470.872652
521470.897397
521470.881052
521470.905797
521470.889452
521470.914197
521470.897852
521470.922597
521470.906252
521470.930997
521470.914652
521470.939397
521470.923052
521470.931452
521470.94382449996
521470.9480245
521470.948252
521470.972997
521470.956652
521470.981397
521470.965052
521470.973452
521470.989797
521470.981852
521470.998197
521470.990252
521471.006597
521471.014997
521470.998652
521471.007052
521471.015452
521471.023397
521471.0320245
521471.03622450004
521471.0404245
521471.048597
521471.0488245
521471.0530245
521471.0572245
521471.06142449996
521471.06562450004
521471.073797
521471.082197
521471.065852
521471.090597
521471.074252
521471.098997
521471.082652
521471.107397
521471.091052
521471.115797
521471.099452
521471.124197
521471.132597
521471.107852
521471.116252
521471.1328245
521471.1370245
521471.1412245
521471.149397
521471.141452
521471.157797
521471.149852
521471.166197
521471.158252
521471.174597
521471.166652
521471.182997
521471.175052
521471.183452
521471.191397
521471.191852
521471.200252
521471.208652
521471.217052
521471.216597
521471.225452
521471.233852
521471.24202450004
521471.242252
521471.266997
521471.250652
521471.275397
521471.259052
521471.283797
521471.292197
521471.267452
521471.300597
521471.275852
521471.308997
521471.284252
521471.292652
521471.317397
521471.301052
521471.325797
521471.309452
521471.334197
521471.317852
521471.342597
521471.350997
521471.326252
521471.359397
521471.334652
521471.367797
521471.343052
521471.351452
521471.376197
521471.359852
521471.384597
521471.368252
521471.392997
521471.376652
521471.385052
521471.4016245
521471.4058245
521471.4100245
521471.4184245
521471.4226245
521471.42682449997
521471.443397
521471.451797
521471.427052
521471.435452
521471.468597
521471.443852
521471.452252
521471.476997
521471.460652
521471.493797
521471.477452
521471.502197
521471.485852
521471.518997
521471.527397
521471.494252
521471.535797
521471.502652
521471.544197
521471.511052
521471.552597
521471.560997
521471.519452
521471.527852
521471.536252
521471.569397
521471.544652
521471.553052
521471.561452
521471.569852
521471.586652
521471.603452
521471.611852
521471.620252
521471.637052
521471.645452
521471.653852
521471.679052
521471.687452
521471.695852
521471.704252
521471.712652
521471.721052
521471.729452
521471.737852
521471.746252
521471.771452
521471.779852
521471.788252
521471.796652
521471.619797
521471.644997
521471.653397
521471.661797
521471.670197
521471.678597
521471.695397
521471.712197
521471.813452
521471.821852
521471.838652
521471.847052
521471.855452
521471.863852
521471.872252
521471.720597
521471.745797
521471.754197
521471.762597
521471.770997
521471.779397
521471.787797
521471.796197
521471.804597
521471.812997
521471.821397
521471.880652
521471.897452
521471.905852
521471.914252
521471.931052
521471.939452
521471.947852
521471.956252
521471.964652
521471.981452
521471.989852
521471.998252
521471.9182245
521471.838197
521471.854997
521471.871797
521471.888597
521471.9560245
521471.913797
521471.922197
521471.930597
521471.938997
521471.947397
521471.955797
521471.964197
521471.972597
521471.980997
521471.989397
521472.0022245
521472.014597
521472.0148245
521472.0232245
521472.039797
521472.023452
521472.048197
521472.031852
521472.056597
521472.040252
521472.064997
521472.048652
521472.073397
521472.057052
521472.081797
521472.065452
521472.073852
521472.090197
521472.082252
521472.106997
521472.115397
521472.090652
521472.099052
521472.123797
521472.140597
521472.107452
521472.115852
521472.148997
521472.157397
521472.124252
521472.165797
521472.132652
521472.141052
521472.174197
521472.149452
521472.182597
521472.157852
521472.190997
521472.166252
521472.199397
521472.183052
521472.207797
521472.191452
521472.216197
521472.199852
521472.224597
521472.208252
521472.232997
521472.216652
521472.225052
521472.249797
521472.274997
521472.233452
521472.241852
521472.283397
521472.250252
521472.258652
521472.291797
521472.267052
521472.308597
521472.316997
521472.275452
521472.325397
521472.283852
521472.292252
521472.333797
521472.300652
521472.342197
521472.317452
521472.350597
521472.334252
521472.358997
521472.342652
521472.367397
521472.351052
521472.375797
521472.359452
521472.384197
521472.367852
521472.392597
521472.400997
521472.376252
521472.384652
521472.409397
521472.393052
521472.401452
521472.417797
521472.409852
521472.418252
521472.434597
521472.426652
521472.435052
521472.443452
521472.4516245
521472.468197
521472.451852
521472.476597
521472.460252
521472.484997
521472.493397
521472.468652
521472.501797
521472.477052
521472.510197
521472.485452
521472.518597
521472.493852
521472.502252
521472.526997
521472.510652
521472.535397
521472.519052
521472.543797
521472.527452
521472.552197
521472.535852
521472.568997
521472.544252
521472.577397
521472.585797
521472.552652
521472.594197
521472.602597
521472.610997
521472.619397
521472.561052
521472.627797
521472.569452
521472.636197
521472.577852
521472.586252
521472.644597
521472.652997
521472.594652
521472.611452
521472.661397
521472.669797
521472.619852
521472.628252
521472.678197
521472.636652
521472.686597
521472.645052
521472.694997
521472.653452
521472.703397
521472.687052
521472.711797
521472.695452
521472.720197
521472.703852
521472.728597
521472.712252
521472.736997
521472.720652
521472.745397
521472.729052
521472.753797
521472.737452
521472.762197
521472.745852
521472.770597
521472.754252
521472.778997
521472.762652
521472.771052
521472.787397
521472.779452
521472.7960245
521472.8002245
521472.8044245
521472.812597
521472.820997
521472.804652
521472.829397
521472.813052
521472.837797
521472.821452
521472.846197
521472.829852
521472.854597
521472.838252
521472.862997
521472.846652
521472.871397
521472.855052
521472.879797
521472.863452
521472.888197
521472.871852
521472.896597
521472.880252
521472.888652
521472.9010245
521472.9052245
521472.921797
521472.905452
521472.930197
521472.913852
521472.922252
521472.930652
521472.938597
521472.939052
521472.955397
521472.947452
521472.963797
521472.955852
521472.972197
521472.964252
521472.972652
521472.988997
521472.981052
521472.989452
521472.997397
521472.997852
521473.006252
521473.014197
521473.014652
521473.023052
521473.03122450004
521473.031452
521473.056197
521473.039852
521473.064597
521473.048252
521473.072997
521473.056652
521473.081397
521473.065052
521473.089797
521473.073452
521473.098197
521473.081852
521473.090252
521473.098652
521473.106597
521473.107052
521473.115452
521473.1236245
521473.140197
521473.123852
521473.148597
521473.132252
521473.156997
521473.165397
521473.140652
521473.173797
521473.149052
521473.157452
521473.165852
521473.182197
521473.190597
521473.174252
521473.198997
521473.182652
521473.207397
521473.191052
521473.215797
521473.199452
521473.224197
521473.207852
521473.216252
521473.232597
521473.224652
521473.233052
521473.2412245
521473.241452
521473.257797
521473.266197
521473.249852
521473.26642450003
521473.2706245
521473.27482449997
521473.282997
521473.275052
521473.283452
521473.2916245
521473.291852
521473.308197
521473.316597
521473.300252
521473.308652
521473.324997
521473.333397
521473.317052
521473.341797
521473.325452
521473.333852
521473.3462245
521473.3504245
521473.350652
521473.358597
521473.359052
521473.375397
521473.367452
521473.383797
521473.38402450003
521473.3882245
521473.39242449997
521473.400597
521473.408997
521473.392652
521473.417397
521473.401052
521473.425797
521473.409452
521473.434197
521473.417852
521473.442597
521473.426252
521473.450997
521473.434652
521473.459397
521473.443052
521473.467797
521473.451452
521473.476197
521473.459852
521473.484597
521473.468252
521473.492997
521473.476652
521473.501397
521473.485052
521473.493452
521473.501852
521473.510252
521473.5142245
521473.518197
521473.526597
521473.534997
521473.518652
521473.527052
521473.535452
521473.5436245
521473.560197
521473.543852
521473.568597
521473.552252
521473.576997
521473.560652
521473.585397
521473.569052
521473.593797
521473.577452
521473.602197
521473.585852
521473.610597
521473.594252
521473.602652
521473.6150245
521473.6192245
521473.627397
521473.635797
521473.619452
521473.644197
521473.627852
521473.652597
521473.636252
521473.660997
521473.644652
521473.669397
521473.653052
521473.677797
521473.661452
521473.686197
521473.669852
521473.694597
521473.678252
521473.702997
521473.686652
521473.695052
521473.703452
521473.711397
521473.728197
521473.711852
521473.736597
521473.720252
521473.744997
521473.728652
521473.753397
521473.737052
521473.761797
521473.745452
521473.770197
521473.753852
521473.762252
521473.778597
521473.770652
521473.779052
521473.787452
521473.795852
521473.804252
521473.812652
521473.821052
521473.829452
521473.837852
521473.846252
521473.854652
521473.863052
521473.871452
521473.879852
521473.888252
521473.896652
521473.905052
521473.913452
521473.921852
521473.930252
521473.938652
521473.786997
521473.795397
521473.803797
521473.812197
521473.947052
521473.955452
521473.963852
521473.972252
521473.820597
521473.837397
521473.845797
521473.854197
521473.862597
521473.870997
521473.879397
521473.887797
521473.896197
521473.904597
521473.912997
521473.921397
521473.929797
521473.938197
521473.946597
521473.954997
521473.963397
521473.971797
521473.980197
521473.988597
521473.996997
521473.980652
521474.005397
521473.989052
521474.013797
521473.997452
521474.022197
521474.005852
521474.030597
521474.014252
521474.038997
521474.022652
521474.047397
521474.031052
521474.055797
521474.039452
521474.064197
521474.072597
521474.047852
521474.056252
521474.080997
521474.064652
521474.089397
521474.073052
521474.097797
521474.081452
521474.106197
521474.089852
521474.114597
521474.098252
521474.122997
521474.106652
521474.131397
521474.115052
521474.139797
521474.123452
521474.148197
521474.131852
521474.156597
521474.140252
521474.164997
521474.148652
521474.173397
521474.157052
521474.181797
521474.165452
521474.190197
521474.173852
521474.198597
521474.182252
521474.206997
521474.190652
521474.215397
521474.199052
521474.223797
521474.207452
521474.232197
521474.240597
521474.215852
521474.248997
521474.224252
521474.232652
521474.257397
521474.241052
521474.265797
521474.249452
521474.274197
521474.257852
521474.282597
521474.266252
521474.290997
521474.274652
521474.299397
521474.283052
521474.307797
521474.291452
521474.316197
521474.324597
521474.299852
521474.308252
521474.332997
521474.316652
521474.341397
521474.325052
521474.349797
521474.333452
521474.358197
521474.341852
521474.366597
521474.350252
521474.374997
521474.358652
521474.383397
521474.367052
521474.391797
521474.375452
521474.400197
521474.383852
521474.408597
521474.392252
521474.416997
521474.400652
521474.425397
521474.409052
521474.433797
521474.417452
521474.442197
521474.425852
521474.450597
521474.434252
521474.458997
521474.442652
521474.467397
521474.451052
521474.475797
521474.459452
521474.484197
521474.467852
521474.492597
521474.476252
521474.500997
521474.484652
521474.493052
521474.501452
521474.509852
521474.518252
521474.526652
521474.535052
521474.543452
521474.551852
521474.560252
521474.568652
521474.577052
521474.585452
521474.593852
521474.602252
521474.610652
521474.619052
521474.627452
521474.635852
521474.644252
521474.509397
521474.652652
521474.517797
521474.526197
521474.534597
521474.542997
521474.661052
521474.669452
521474.677852
521474.686252
521474.694652
521474.551397
521474.559797
521474.568197
521474.576597
521474.584997
521474.593397
521474.601797
521474.610197
521474.618597
521474.626997
521474.635397
521474.643797
521474.652197
521474.660597
521474.668997
521474.677397
521474.685797
521474.694197
521474.702597
521474.710997
521474.719397
521474.727797
521474.703052
521474.736197
521474.711452
521474.744597
521474.728252
521474.752997
521474.736652
521474.761397
521474.745052
521474.769797
521474.753452
521474.778197
521474.761852
521474.786597
521474.770252
521474.794997
521474.778652
521474.803397
521474.787052
521474.795452
521474.803852
521474.812252
521474.820652
521474.829052
521474.837452
521474.845852
521474.854252
521474.862652
521474.8414245
521474.820197
521474.828597
521474.836997
521474.845397
521474.862197
521474.870597
521474.878997
521474.887397
521474.895797
521474.904197
521474.912597
521474.871052
521474.920997
521474.879452
521474.929397
521474.887852
521474.896252
521474.937797
521474.946197
521474.904652
521474.954597
521474.921452
521474.962997
521474.971397
521474.929852
521474.938252
521474.979797
521474.988197
521474.955052
521474.996597
521474.963452
521475.004997
521474.971852
521475.013397
521474.980252
521475.021797
521474.988652
521475.030197
521474.997052
521475.038597
521475.005452
521475.046997
521475.013852
521475.055397
521475.022252
521475.063797
521475.039052
521475.072197
521475.047452
521475.080597
521475.055852
521475.088997
521475.064252
521475.072652
521475.081052
521475.097852
521475.106252
521475.114652
521475.1102245
521475.105797
521475.114197
521475.122597
521475.139397
521475.123052
521475.147797
521475.131452
521475.156197
521475.139852
521475.148252
521475.164597
521475.156652
521475.172997
521475.165052
521475.173452
521475.181852
521475.190252
521475.198652
521475.207052
521475.215452
521475.223852
521475.232252
521475.240652
521475.249052
521475.257452
521475.265852
521475.274252
521475.2362245
521475.198197
521475.206597
521475.214997
521475.223397
521475.231797
521475.248597
521475.265397
521475.273797
521475.282197
521475.290597
521475.298997
521475.282652
521475.307397
521475.291052
521475.315797
521475.299452
521475.324197
521475.307852
521475.332597
521475.316252
521475.340997
521475.324652
521475.349397
521475.333052
521475.357797
521475.341452
521475.366197
521475.349852
521475.358252
521475.374597
521475.366652
521475.382997
521475.391397
521475.375052
521475.399797
521475.383452
521475.408197
521475.416597
521475.391852
521475.424997
521475.400252
521475.433397
521475.408652
521475.417052
521475.441797
521475.425452
521475.450197
521475.433852
521475.458597
521475.442252
521475.466997
521475.450652
521475.475397
521475.459052
521475.483797
521475.467452
521475.492197
521475.475852
521475.500597
521475.484252
521475.508997
521475.492652
521475.517397
521475.501052
521475.525797
521475.509452
521475.534197
521475.517852
521475.542597
521475.526252
521475.550997
521475.534652
521475.559397
521475.543052
521475.567797
521475.551452
521475.576197
521475.559852
521475.584597
521475.568252
521475.592997
521475.576652
521475.601397
521475.585052
521475.609797
521475.593452
521475.618197
521475.601852
521475.626597
521475.610252
521475.634997
521475.618652
521475.643397
521475.627052
521475.635452
521475.643852
521475.652252
521475.660652
521475.651797
521475.685397
521475.669052
521475.693797
521475.677452
521475.702197
521475.685852
521475.710597
521475.694252
521475.718997
521475.702652
521475.727397
521475.711052
521475.735797
521475.719452
521475.744197
521475.727852
521475.752597
521475.736252
521475.760997
521475.744652
521475.769397
521475.753052
521475.777797
521475.761452
521475.786197
521475.769852
521475.794597
521475.778252
521475.802997
521475.786652
521475.811397
521475.795052
521475.819797
521475.803452
521475.828197
521475.811852
521475.836597
521475.820252
521475.844997
521475.828652
521475.853397
521475.837052
521475.861797
521475.845452
521475.870197
521475.853852
521475.878597
521475.862252
521475.886997
521475.870652
521475.895397
521475.879052
521475.903797
521475.887452
521475.912197
521475.920597
521475.895852
521475.904252
521475.928997
521475.912652
521475.937397
521475.921052
521475.945797
521475.929452
521475.954197
521475.937852
521475.962597
521475.946252
521475.970997
521475.954652
521475.979397
521475.963052
521475.987797
521475.971452
521475.996197
521475.979852
521476.004597
521475.988252
521476.012997
521475.996652
521476.021397
521476.005052
521476.029797
521476.013452
521476.038197
521476.021852
521476.046597
521476.030252
521476.054997
521476.038652
521476.063397
521476.047052
521476.071797
