521447.746495
521447.780005
521447.813515
521447.847026
521447.880536
521447.914047
521447.947557
521447.981067
521448.014578
521448.048088
521448.081599
521448.115109
521448.148619
521448.18213
521448.21564
521448.249151
521448.282661
521448.316171
521448.349682
521448.383192
521448.416703
521448.450213
521448.483723
521448.517234
521448.550744
521448.584255
521448.617765
521448.651275
521448.684786
521448.718296
521448.751807
521448.785317
521448.818827
521448.852338
521448.885848
521448.919359
521448.952869
521448.986379
521449.01989
521449.0534
521449.086911
521449.120421
521449.153931
521449.187442
521449.220952
521449.254463
521449.287973
521449.321483
521449.354994
521449.388504
521449.422015
521449.455525
521449.489035
521449.522546
521449.556056
521449.589567
521449.623077
521449.656587
521449.690098
521449.723608
521449.757119
521449.790629
521449.824139
521449.85765
521449.89116
521449.924671
521449.958181
521449.991691
521450.025202
521450.058712
521450.092223
521450.125733
521450.159243
521450.192754
521450.226264
521450.259775
521450.293285
521450.326795
521450.360306
521450.393816
521450.427327
521450.460837
521450.494347
521450.527858
521450.561368
521450.594879
521450.628389
521450.661899
521450.69541
521450.72892
521450.762431
521450.795941
521450.829451
521450.862962
521450.896472
521450.929983
521450.963493
521450.997003
521451.030514
521451.064024
521451.097535
521451.131045
521451.164555
521451.198066
521451.231576
521451.265087
521451.298597
521451.332107
521451.365618
521451.399128
521451.432639
521451.466149
521451.499659
521451.53317
521451.56668
521451.600191
521451.633701
521451.667211
521451.700722
521451.734232
521451.767743
521451.801253
521451.834763
521451.868274
521451.901784
521451.935295
521451.968805
521452.002315
521452.035826
521452.069336
521452.102847
521452.136357
521452.169867
521452.203378
521452.236888
521452.270399
521452.303909
521452.337419
521452.37093
521452.40444
521452.437951
521452.471461
521452.504971
521452.538482
521452.571992
521452.605503
521452.639013
521452.672523
521452.706034
521452.739544
521452.773055
521452.806565
521452.840075
521452.873586
521452.907096
521452.940607
521452.974117
521453.007627
521453.041138
521453.074648
521453.108159
521453.141669
521453.175179
521453.20869
521453.2422
521453.275711
521453.309221
521453.342731
521453.376242
521453.409752
521453.443263
521453.476773
521453.510283
521453.543794
521453.577304
521453.610815
521453.644325
521453.677835
521453.711346
521453.744856
521453.778367
521453.811877
521453.845387
521453.878898
521453.912408
521453.945919
521453.979429
521454.012939
521454.04645
521454.07996
521454.113471
521454.146981
521454.180491
521454.214002
521454.247512
521454.281023
521454.314533
521454.348043
521454.381554
521454.415064
521454.448575
521454.482085
521454.515595
521454.549106
521454.582616
521454.616127
521454.649637
521454.683147
521454.716658
521454.750168
521454.783679
521454.817189
521454.850699
521454.88421
521454.91772
521454.951231
521454.984741
521455.018251
521455.051762
521455.085272
521455.118783
521455.152293
521455.185803
521455.219314
521455.252824
521455.286335
521455.319845
521455.353355
521455.386866
521455.420376
521455.453887
521455.487397
521455.520907
521455.554418
521455.587928
521455.621439
521455.654949
521455.688459
521455.72197
521455.75548
521455.788991
521455.822501
521455.856011
521455.889522
521455.923032
521455.956543
521455.990053
521456.023563
521456.057074
521456.090584
521456.124095
521456.157605
521456.191115
521456.224626
521456.258136
521456.291647
521456.325157
521456.358667
521456.392178
521456.425688
521456.459199
521456.492709
521456.526219
521456.55973
521456.59324
521456.626751
521456.660261
521456.693771
521456.727282
521456.760792
521456.794303
521456.827813
521456.861323
521456.894834
521456.928344
521456.961855
521456.995365
521457.028875
521457.062386
521457.095896
521457.129407
521457.162917
521457.196427
521457.229938
521457.263448
521457.296959
521457.330469
521457.363979
521457.39749
521457.431
521457.464511
521457.498021
521457.531531
521457.565042
521457.598552
521457.632063
521457.665573
521457.699083
521457.732594
521457.766104
521457.799615
521457.833125
521457.866635
521457.900146
521457.933656
521457.967167
521458.000677
521458.034187
521458.067698
521458.101208
521458.134719
521458.168229
521458.201739
521458.23525
521458.26876
521458.302271
521458.335781
521458.369291
521458.402802
521458.436312
521458.469823
521458.503333
521458.536843
521458.570354
521458.603864
521458.637375
521458.670885
521458.704395
521458.737906
521458.771416
521458.804927
521458.838437
521458.871947
521458.905458
521458.938968
521458.972479
521459.005989
521459.039499
521459.07301
521459.10652
521459.140031
521459.173541
521459.207051
521459.240562
521459.274072
521459.307583
521459.341093
521459.374603
521459.408114
521459.441624
521459.475135
521459.508645
521459.542155
521459.575666
521459.609176
521459.642687
521459.676197
521459.709707
521459.743218
521459.776728
521459.810239
521459.843749
521459.877259
521459.91077
521459.94428
521459.977791
521460.011301
521460.044811
521460.078322
521460.111832
521460.145343
521460.178853
521460.212363
521460.245874
521460.279384
521460.312895
521460.346405
521460.379915
521460.413426
521460.446936
521460.480447
521460.513957
521460.547467
521460.580978
521460.614488
521460.647999
521460.681509
521460.715019
521460.74853
521460.78204
521460.815551
521460.849061
521460.882571
521460.916082
521460.949592
521460.983103
521461.016613
521461.050123
521461.083634
521461.117144
521461.150655
521461.184165
521461.217675
521461.251186
521461.284696
521461.318207
521461.351717
521461.385227
521461.418738
521461.452248
521461.485759
521461.519269
521461.552779
521461.58629
521461.6198
521461.653311
521461.686821
521461.720331
521461.753842
521461.787352
521461.820863
521461.854373
521461.887883
521461.921394
521461.954904
521461.988415
521462.021925
521462.055435
521462.088946
521462.122456
521462.155967
521462.189477
521462.222987
521462.256498
521462.290008
521462.323519
521462.357029
521462.390539
521462.42405
521462.45756
521462.491071
521462.524581
521462.558091
521462.591602
521462.625112
521462.658623
521462.692133
521462.725643
521462.759154
521462.792664
521462.826175
521462.859685
521462.893195
521462.926706
521462.960216
521462.993727
521463.027237
521463.060747
521463.094258
521463.127768
521463.161279
521463.194789
521463.228299
521463.26181
521463.29532
521463.328831
521463.362341
521463.395851
521463.429362
521463.462872
521463.496383
521463.529893
521463.563403
521463.596914
521463.630424
521463.663935
521463.697445
521463.730955
521463.764466
521463.797976
521463.831487
521463.864997
521463.898507
521463.932018
521463.965528
521463.999039
521464.032549
521464.066059
521464.09957
521464.13308
521464.166591
521464.200101
521464.233611
521464.267122
521464.300632
521464.334143
521464.367653
521464.401163
521464.434674
521464.468184
521464.501695
521464.535205
521464.568715
521464.602226
521464.635736
521464.669247
521464.702757
521464.736267
521464.769778
521464.803288
521464.836799
521464.870309
521464.903819
521464.93733
521464.97084
521465.004351
521465.037861
521465.071371
521465.104882
521465.138392
521465.171903
521465.205413
521465.238923
521465.272434
521465.305944
521465.339455
521465.372965
521465.406475
521465.439986
521465.473496
521465.507007
521465.540517
521465.574027
521465.607538
521465.641048
521465.674559
521465.708069
521465.741579
521465.77509
521465.8086
521465.842111
521465.875621
521465.909131
521465.942642
521465.976152
521466.009663
521466.043173
521466.076683
521466.110194
521466.143704
521466.177215
521466.210725
521466.244235
521466.277746
521466.311256
521466.344767
521466.378277
521466.411787
521466.445298
521466.478808
521466.512319
521466.545829
521466.579339
521466.61285
521466.64636
521466.679871
521466.713381
521466.746891
521466.780402
521466.813912
521466.847423
521466.880933
521466.914443
521466.947954
521466.981464
521467.014975
521467.048485
521467.081995
521467.115506
521467.149016
521467.182527
521467.216037
521467.249547
521467.283058
521467.316568
521467.350079
521467.383589
521467.417099
521467.45061
521467.48412
521467.517631
521467.551141
521467.584651
521467.618162
521467.651672
521467.685183
521467.718693
521467.752203
521467.785714
521467.819224
521467.852735
521467.886245
521467.919755
521467.953266
521467.986776
521468.020287
521468.053797
521468.087307
521468.120818
521468.154328
521468.187839
521468.221349
521468.254859
521468.28837
521468.32188
521468.355391
521468.388901
521468.422411
521468.455922
521468.489432
521468.522943
521468.556453
521468.589963
521468.623474
521468.656984
521468.690495
521468.724005
521468.757515
521468.791026
521468.824536
521468.858047
521468.891557
521468.925067
521468.958578
521468.992088
521469.025599
521469.059109
521469.092619
521469.12613
521469.15964
521469.193151
521469.226661
521469.260171
521469.293682
521469.327192
521469.360703
521469.394213
521469.427723
521469.461234
521469.494744
521469.528255
521469.561765
521469.595275
521469.628786
521469.662296
521469.695807
521469.729317
521469.762827
521469.796338
521469.829848
521469.863359
521469.896869
521469.930379
521469.96389
521469.9974
521470.030911
521470.064421
521470.097931
521470.131442
521470.164952
521470.198463
521470.231973
521470.265483
521470.298994
521470.332504
521470.366015
521470.399525
521470.433035
521470.466546
521470.500056
521470.533567
521470.567077
521470.600587
521470.634098
521470.667608
521470.701119
521470.734629
521470.768139
521470.80165
521470.83516
521470.868671
521470.902181
521470.935691
521470.969202
521471.002712
521471.036223
521471.069733
521471.103243
521471.136754
521471.170264
521471.203775
521471.237285
521471.270795
521471.304306
521471.337816
521471.371327
521471.404837
521471.438347
521471.471858
521471.505368
521471.538879
521471.572389
521471.605899
521471.63941
521471.67292
521471.706431
521471.739941
521471.773451
521471.806962
521471.840472
521471.873983
521471.907493
521471.941003
521471.974514
521472.008024
521472.041535
521472.075045
521472.108555
521472.142066
521472.175576
521472.209087
521472.242597
521472.276107
521472.309618
521472.343128
521472.376639
521472.410149
521472.443659
521472.47717
521472.51068
521472.544191
521472.577701
521472.611211
521472.644722
521472.678232
521472.711743
521472.745253
521472.778763
521472.812274
521472.845784
521472.879295
521472.912805
521472.946315
521472.979826
521473.013336
521473.046847
521473.080357
521473.113867
521473.147378
521473.180888
521473.214399
521473.247909
521473.281419
521473.31493
521473.34844
521473.381951
521473.415461
521473.448971
521473.482482
521473.515992
521473.549503
521473.583013
521473.616523
521473.650034
521473.683544
521473.717055
521473.750565
521473.784075
521473.817586
521473.851096
521473.884607
521473.918117
521473.951627
521473.985138
521474.018648
521474.052159
521474.085669
521474.119179
521474.15269
521474.1862
521474.219711
521474.253221
521474.286731
521474.320242
521474.353752
521474.387263
521474.420773
521474.454283
521474.487794
521474.521304
521474.554815
521474.588325
521474.621835
521474.655346
521474.688856
521474.722367
521474.755877
521474.789387
521474.822898
521474.856408
521474.889919
521474.923429
521474.956939
521474.99045
521475.02396
521475.057471
521475.090981
521475.124491
521475.158002
521475.191512
521475.225023
521475.258533
521475.292043
521475.325554
521475.359064
521475.392575
521475.426085
521475.459595
521475.493106
521475.526616
521475.560127
521475.593637
521475.627147
521475.660658
521475.694168
521475.727679
521475.761189
521475.794699
521475.82821
521475.86172
521475.895231
521475.928741
521475.962251
521475.995762
521476.029272
